20 10
0 39 55 41 71 92 43 10 95 73 31 2 22 62 100 46 66 37 57 91 
39 0 20 22 75 25 92 12 14 89 37 12 7 12 11 38 81 64 12 82 
55 20 0 91 47 34 21 24 21 4 54 59 94 27 52 51 59 1 5 10 
41 22 91 0 12 45 44 36 45 86 46 13 32 42 68 92 4 76 33 72 
71 75 47 12 0 48 29 19 22 10 17 72 45 27 7 82 20 2 44 53 
92 25 34 45 48 0 34 17 55 14 38 5 99 82 34 84 83 40 25 65 
43 92 21 44 29 34 0 20 36 48 48 47 62 11 98 82 26 55 42 29 
10 12 24 36 19 17 20 0 75 67 52 13 73 55 76 72 4 25 75 57 
95 14 21 45 22 55 36 75 0 96 62 17 88 43 56 6 15 14 71 82 
73 89 4 86 10 14 48 67 96 0 22 20 13 72 39 58 79 38 79 61 
31 37 54 46 17 38 48 52 62 22 0 41 94 88 1 73 27 11 74 41 
2 12 59 13 72 5 47 13 17 20 41 0 17 56 93 82 84 77 44 1 
22 7 94 32 45 99 62 73 88 13 94 17 0 40 50 13 87 91 53 43 
62 12 27 42 27 82 11 55 43 72 88 56 40 0 94 68 39 34 94 21 
100 11 52 68 7 34 98 76 56 39 1 93 50 94 0 10 45 29 67 64 
46 38 51 92 82 84 82 72 6 58 73 82 13 68 10 0 98 76 12 55 
66 81 59 4 20 83 26 4 15 79 27 84 87 39 45 98 0 62 70 45 
37 64 1 76 2 40 55 25 14 38 11 77 91 34 29 76 62 0 7 4 
57 12 5 33 44 25 42 75 71 79 74 44 53 94 67 12 70 7 0 67 
91 82 10 72 53 65 29 57 82 61 41 1 43 21 64 55 45 4 67 0 
