10 8
0 29 61 43 43 2 67 22 2 19 
29 0 7 9 69 63 70 66 37 26 
61 7 0 71 8 49 65 57 91 5 
43 9 71 0 39 16 13 38 36 69 
43 69 8 39 0 61 66 83 27 10 
2 63 49 16 61 0 49 38 97 24 
67 70 65 13 66 49 0 19 55 21 
22 66 57 38 83 38 19 0 49 48 
2 37 91 36 27 97 55 49 0 31 
19 26 5 69 10 24 21 48 31 0 
