40
0 155 709 159 251 771 140 642 561 630 796 349 561 192 905 865 111 175 512 390 406 259 771 340 209 641 711 708 381 850 250 55 535 450 329 524 296 376 567 397
155 0 620 60 162 682 139 553 472 541 707 260 472 103 816 776 110 86 423 301 317 170 682 251 120 552 622 619 292 761 161 134 446 361 240 435 207 287 478 308
709 620 0 624 550 96 693 151 162 175 121 462 152 543 230 190 664 576 225 343 335 558 96 377 610 108 96 61 494 175 477 688 266 281 410 211 489 375 210 378
159 60 624 0 166 686 143 557 476 545 711 264 476 107 820 780 114 90 427 305 321 174 686 255 124 556 626 623 296 765 165 138 450 365 244 439 211 291 482 312
251 162 550 166 0 612 235 483 402 471 637 190 402 85 746 706 206 118 353 231 247 48 612 181 152 482 552 549 222 691 91 230 376 291 170 365 137 217 408 238
771 682 96 686 612 0 755 213 224 237 65 524 214 605 174 134 726 638 287 405 397 620 100 439 672 170 158 123 556 119 539 750 328 343 472 273 551 437 272 440
140 139 693 143 235 755 0 626 545 614 780 333 545 176 889 849 39 159 496 374 390 243 755 324 193 625 695 692 365 834 234 119 519 434 313 508 280 360 551 381
642 553 151 557 483 213 626 0 95 108 238 395 85 476 347 307 597 509 158 276 268 491 213 310 543 83 153 150 427 292 410 621 199 214 343 144 422 308 143 311
561 472 162 476 402 224 545 95 0 83 249 314 14 395 358 318 516 428 77 195 187 410 224 229 462 94 164 161 346 303 329 540 118 133 262 63 341 227 62 230
630 541 175 545 471 237 614 108 83 0 262 383 73 464 371 331 585 497 146 264 256 479 237 298 531 107 177 174 415 316 398 609 187 202 331 132 410 296 131 299
796 707 121 711 637 65 780 238 249 262 0 549 239 630 117 77 751 663 312 430 422 645 125 464 697 195 183 148 581 62 564 775 353 368 497 298 576 462 297 465
349 260 462 264 190 524 333 395 314 383 549 0 314 183 658 618 304 216 265 143 159 198 524 93 250 394 464 461 60 603 117 328 288 203 82 277 129 129 320 150
561 472 152 476 402 214 545 85 14 73 239 314 0 395 348 308 516 428 77 195 187 410 214 229 462 84 154 151 346 293 329 540 118 133 262 63 341 227 62 230
192 103 543 107 85 605 176 476 395 464 630 183 395 0 739 699 147 59 346 224 240 93 605 174 93 475 545 542 215 684 84 171 369 284 163 358 130 210 401 231
905 816 230 820 746 174 889 347 358 371 117 658 348 739 0 60 860 772 421 539 531 754 234 573 806 304 292 257 690 131 673 884 462 477 606 407 685 571 406 574
865 776 190 780 706 134 849 307 318 331 77 618 308 699 60 0 820 732 381 499 491 714 194 533 766 264 252 217 650 91 633 844 422 437 566 367 645 531 366 534
111 110 664 114 206 726 39 597 516 585 751 304 516 147 860 820 0 130 467 345 361 214 726 295 164 596 666 663 336 805 205 90 490 405 284 479 251 331 522 352
175 86 576 90 118 638 159 509 428 497 663 216 428 59 772 732 130 0 379 257 273 126 638 207 64 508 578 575 248 717 117 154 402 317 196 391 163 243 434 264
512 423 225 427 353 287 496 158 77 146 312 265 77 346 421 381 467 379 0 146 138 361 287 180 413 157 227 224 297 366 280 491 69 84 213 40 292 178 83 181
390 301 343 305 231 405 374 276 195 264 430 143 195 224 539 499 345 257 146 0 40 239 405 58 291 275 345 342 175 484 158 369 169 84 91 158 170 56 201 59
406 317 335 321 247 397 390 268 187 256 422 159 187 240 531 491 361 273 138 40 0 255 397 74 307 267 337 334 191 476 174 385 161 76 107 150 186 72 193 75
259 170 558 174 48 620 243 491 410 479 645 198 410 93 754 714 214 126 361 239 255 0 620 189 160 490 560 557 230 699 99 238 384 299 178 373 145 225 416 246
771 682 96 686 612 100 755 213 224 237 125 524 214 605 234 194 726 638 287 405 397 620 0 439 672 170 158 123 556 179 539 750 328 343 472 273 551 437 272 440
340 251 377 255 181 439 324 310 229 298 464 93 229 174 573 533 295 207 180 58 74 189 439 0 241 309 379 376 125 518 108 319 203 118 41 192 120 44 235 65
209 120 610 124 152 672 193 543 462 531 697 250 462 93 806 766 164 64 413 291 307 160 672 241 0 542 612 609 282 751 151 188 436 351 230 425 197 277 468 298
641 552 108 556 482 170 625 83 94 107 195 394 84 475 304 264 596 508 157 275 267 490 170 309 542 0 110 107 426 249 409 620 198 213 342 143 421 307 142 310
711 622 96 626 552 158 695 153 164 177 183 464 154 545 292 252 666 578 227 345 337 560 158 379 612 110 0 95 496 237 479 690 268 283 412 213 491 377 212 380
708 619 61 623 549 123 692 150 161 174 148 461 151 542 257 217 663 575 224 342 334 557 123 376 609 107 95 0 493 202 476 687 265 280 409 210 488 374 209 377
381 292 494 296 222 556 365 427 346 415 581 60 346 215 690 650 336 248 297 175 191 230 556 125 282 426 496 493 0 635 149 360 320 235 114 309 161 161 352 182
850 761 175 765 691 119 834 292 303 316 62 603 293 684 131 91 805 717 366 484 476 699 179 518 751 249 237 202 635 0 618 829 407 422 551 352 630 516 351 519
250 161 477 165 91 539 234 410 329 398 564 117 329 84 673 633 205 117 280 158 174 99 539 108 151 409 479 476 149 618 0 229 303 218 97 292 64 144 335 165
55 134 688 138 230 750 119 621 540 609 775 328 540 171 884 844 90 154 491 369 385 238 750 319 188 620 690 687 360 829 229 0 514 429 308 503 275 355 546 376
535 446 266 450 376 328 519 199 118 187 353 288 118 369 462 422 490 402 69 169 161 384 328 203 436 198 268 265 320 407 303 514 0 107 236 81 315 201 124 204
450 361 281 365 291 343 434 214 133 202 368 203 133 284 477 437 405 317 84 84 76 299 343 118 351 213 283 280 235 422 218 429 107 0 151 96 230 116 139 119
329 240 410 244 170 472 313 343 262 331 497 82 262 163 606 566 284 196 213 91 107 178 472 41 230 342 412 409 114 551 97 308 236 151 0 225 109 77 268 98
524 435 211 439 365 273 508 144 63 132 298 277 63 358 407 367 479 391 40 158 150 373 273 192 425 143 213 210 309 352 292 503 81 96 225 0 304 190 69 193
296 207 489 211 137 551 280 422 341 410 576 129 341 130 685 645 251 163 292 170 186 145 551 120 197 421 491 488 161 630 64 275 315 230 109 304 0 156 347 177
376 287 375 291 217 437 360 308 227 296 462 129 227 210 571 531 331 243 178 56 72 225 437 44 277 307 377 374 161 516 144 355 201 116 77 190 156 0 233 63
567 478 210 482 408 272 551 143 62 131 297 320 62 401 406 366 522 434 83 201 193 416 272 235 468 142 212 209 352 351 335 546 124 139 268 69 347 233 0 236
397 308 378 312 238 440 381 311 230 299 465 150 230 231 574 534 352 264 181 59 75 246 440 65 298 310 380 377 182 519 165 376 204 119 98 193 177 63 236 0
