20
0 101 76 42 84 19 100 79 30 112 91 88 68 96 87 42 110 108 83 115
101 0 45 77 89 94 39 44 97 117 96 93 73 101 92 109 49 113 88 120
76 45 0 52 64 69 44 23 72 92 71 68 48 76 67 84 54 88 63 95
42 77 52 0 60 35 76 55 38 88 67 64 44 72 63 50 86 84 59 91
84 89 64 60 0 77 88 67 80 80 37 34 36 64 55 92 98 76 51 83
19 94 69 35 77 0 93 72 23 105 84 81 61 89 80 35 103 101 76 108
100 39 44 76 88 93 0 43 96 116 95 92 72 100 91 108 22 112 87 119
79 44 23 55 67 72 43 0 75 95 74 71 51 79 70 87 53 91 66 98
30 97 72 38 80 23 96 75 0 108 87 84 64 92 83 16 106 104 79 111
112 117 92 88 80 105 116 95 108 0 87 84 58 34 57 120 126 16 53 11
91 96 71 67 37 84 95 74 87 87 0 19 43 71 62 99 105 83 58 90
88 93 68 64 34 81 92 71 84 84 19 0 40 68 59 96 102 80 55 87
68 73 48 44 36 61 72 51 64 58 43 40 0 42 33 76 82 54 29 61
96 101 76 72 64 89 100 79 92 34 71 68 42 0 41 104 110 30 37 37
87 92 67 63 55 80 91 70 83 57 62 59 33 41 0 95 101 53 12 60
42 109 84 50 92 35 108 87 16 120 99 96 76 104 95 0 118 116 91 123
110 49 54 86 98 103 22 53 106 126 105 102 82 110 101 118 0 122 97 129
108 113 88 84 76 101 112 91 104 16 83 80 54 30 53 116 122 0 49 19
83 88 63 59 51 76 87 66 79 53 58 55 29 37 12 91 97 49 0 56
115 120 95 91 83 108 119 98 111 11 90 87 61 37 60 123 129 19 56 0
