10
0 36 23 32 18 23 18 7 24 31
36 0 17 6 32 29 32 31 30 13
23 17 0 13 19 16 19 18 17 12
32 6 13 0 28 25 28 27 26 9
18 32 19 28 0 19 8 13 20 27
23 29 16 25 19 0 19 18 3 24
18 32 19 28 8 19 0 13 20 27
7 31 18 27 13 18 13 0 19 26
24 30 17 26 20 3 20 19 0 25
31 13 12 9 27 24 27 26 25 0
