40
0 119 246 158 103 167 249 337 278 317 232 191 280 100 298 296 220 175 262 237 272 120 230 208 101 199 183 197 180 319 159 64 264 292 199 251 161 256 246 269
119 0 245 65 90 166 248 336 277 316 231 190 279 87 297 295 219 82 261 236 271 119 229 207 58 198 182 196 179 318 158 119 263 291 198 250 160 255 245 268
246 245 0 284 229 195 277 337 278 317 260 191 280 226 326 324 248 301 262 237 272 236 44 208 227 199 183 107 180 347 275 246 264 292 199 251 277 256 246 269
158 65 284 0 129 205 287 375 316 355 270 229 318 126 336 334 258 69 300 275 310 158 268 246 97 237 221 235 218 357 197 158 302 330 237 289 199 294 284 307
103 90 229 129 0 150 232 320 261 300 215 174 263 15 281 279 203 146 245 220 255 103 213 191 72 182 166 180 163 302 142 103 247 275 182 234 144 239 229 252
167 166 195 205 150 0 122 286 227 266 105 140 229 147 171 169 93 222 211 186 221 157 179 157 148 148 132 146 129 192 196 167 213 241 148 200 198 205 195 218
249 248 277 287 232 122 0 368 309 348 107 222 311 229 173 171 39 304 293 268 303 239 261 239 230 230 214 228 211 194 278 249 295 323 230 282 280 287 277 300
337 336 337 375 320 286 368 0 163 78 351 250 81 317 417 415 339 392 151 244 187 327 321 267 318 230 214 288 239 438 366 337 153 207 258 140 368 263 131 276
278 277 278 316 261 227 309 163 0 143 292 191 106 258 358 356 280 333 92 185 128 268 262 208 259 171 155 229 180 379 307 278 94 148 199 81 309 204 68 217
317 316 317 355 300 266 348 78 143 0 331 230 61 297 397 395 319 372 131 224 167 307 301 247 298 210 194 268 219 418 346 317 133 187 238 120 348 243 111 256
232 231 260 270 215 105 107 351 292 331 0 205 294 212 74 72 78 287 276 251 286 222 244 222 213 213 197 211 194 95 261 232 278 306 213 265 263 270 260 283
191 190 191 229 174 140 222 250 191 230 205 0 193 171 271 269 193 246 175 150 185 181 175 91 172 112 96 142 27 292 220 191 177 205 82 164 222 169 159 182
280 279 280 318 263 229 311 81 106 61 294 193 0 260 360 358 282 335 94 187 130 270 264 210 261 173 157 231 182 381 309 280 96 150 201 83 311 206 74 219
100 87 226 126 15 147 229 317 258 297 212 171 260 0 278 276 200 143 242 217 252 100 210 188 69 179 163 177 160 299 139 100 244 272 179 231 141 236 226 249
298 297 326 336 281 171 173 417 358 397 74 271 360 278 0 98 144 353 342 317 352 288 310 288 279 279 263 277 260 121 327 298 344 372 279 331 329 336 326 349
296 295 324 334 279 169 171 415 356 395 72 269 358 276 98 0 142 351 340 315 350 286 308 286 277 277 261 275 258 43 325 296 342 370 277 329 327 334 324 347
220 219 248 258 203 93 39 339 280 319 78 193 282 200 144 142 0 275 264 239 274 210 232 210 201 201 185 199 182 165 249 220 266 294 201 253 251 258 248 271
175 82 301 69 146 222 304 392 333 372 287 246 335 143 353 351 275 0 317 292 327 175 285 263 114 254 238 252 235 374 214 175 319 347 254 306 216 311 301 324
262 261 262 300 245 211 293 151 92 131 276 175 94 242 342 340 264 317 0 169 112 252 246 192 243 155 139 213 164 363 291 262 12 132 183 41 293 188 60 201
237 236 237 275 220 186 268 244 185 224 251 150 187 217 317 315 239 292 169 0 179 227 221 167 218 130 114 188 139 338 266 237 171 199 158 158 268 79 153 68
272 271 272 310 255 221 303 187 128 167 286 185 130 252 352 350 274 327 112 179 0 262 256 202 253 165 149 223 174 373 301 272 114 46 193 101 303 198 96 211
120 119 236 158 103 157 239 327 268 307 222 181 270 100 288 286 210 175 252 227 262 0 220 198 101 189 173 187 170 309 115 120 254 282 189 241 117 246 236 259
230 229 44 268 213 179 261 321 262 301 244 175 264 210 310 308 232 285 246 221 256 220 0 192 211 183 167 91 164 331 259 230 248 276 183 235 261 240 230 253
208 207 208 246 191 157 239 267 208 247 222 91 210 188 288 286 210 263 192 167 202 198 192 0 189 129 113 159 80 309 237 208 194 222 57 181 239 186 176 199
101 58 227 97 72 148 230 318 259 298 213 172 261 69 279 277 201 114 243 218 253 101 211 189 0 180 164 178 161 300 140 101 245 273 180 232 142 237 227 250
199 198 199 237 182 148 230 230 171 210 213 112 173 179 279 277 201 254 155 130 165 189 183 129 180 0 44 150 101 300 228 199 157 185 120 144 230 149 139 162
183 182 183 221 166 132 214 214 155 194 197 96 157 163 263 261 185 238 139 114 149 173 167 113 164 44 0 134 85 284 212 183 141 169 104 128 214 133 123 146
197 196 107 235 180 146 228 288 229 268 211 142 231 177 277 275 199 252 213 188 223 187 91 159 178 150 134 0 131 298 226 197 215 243 150 202 228 207 197 220
180 179 180 218 163 129 211 239 180 219 194 27 182 160 260 258 182 235 164 139 174 170 164 80 161 101 85 131 0 281 209 180 166 194 71 153 211 158 148 171
319 318 347 357 302 192 194 438 379 418 95 292 381 299 121 43 165 374 363 338 373 309 331 309 300 300 284 298 281 0 348 319 365 393 300 352 350 357 347 370
159 158 275 197 142 196 278 366 307 346 261 220 309 139 327 325 249 214 291 266 301 115 259 237 140 228 212 226 209 348 0 159 293 321 228 280 76 285 275 298
64 119 246 158 103 167 249 337 278 317 232 191 280 100 298 296 220 175 262 237 272 120 230 208 101 199 183 197 180 319 159 0 264 292 199 251 161 256 246 269
264 263 264 302 247 213 295 153 94 133 278 177 96 244 344 342 266 319 12 171 114 254 248 194 245 157 141 215 166 365 293 264 0 134 185 43 295 190 62 203
292 291 292 330 275 241 323 207 148 187 306 205 150 272 372 370 294 347 132 199 46 282 276 222 273 185 169 243 194 393 321 292 134 0 213 121 323 218 116 231
199 198 199 237 182 148 230 258 199 238 213 82 201 179 279 277 201 254 183 158 193 189 183 57 180 120 104 150 71 300 228 199 185 213 0 172 230 177 167 190
251 250 251 289 234 200 282 140 81 120 265 164 83 231 331 329 253 306 41 158 101 241 235 181 232 144 128 202 153 352 280 251 43 121 172 0 282 177 49 190
161 160 277 199 144 198 280 368 309 348 263 222 311 141 329 327 251 216 293 268 303 117 261 239 142 230 214 228 211 350 76 161 295 323 230 282 0 287 277 300
256 255 256 294 239 205 287 263 204 243 270 169 206 236 336 334 258 311 188 79 198 246 240 186 237 149 133 207 158 357 285 256 190 218 177 177 287 0 172 111
246 245 246 284 229 195 277 131 68 111 260 159 74 226 326 324 248 301 60 153 96 236 230 176 227 139 123 197 148 347 275 246 62 116 167 49 277 172 0 185
269 268 269 307 252 218 300 276 217 256 283 182 219 249 349 347 271 324 201 68 211 259 253 199 250 162 146 220 171 370 298 269 203 231 190 190 300 111 185 0
