15
0 45 15 20 31 35 32 15 33 33 37 33 26 45 35
45 0 48 53 44 48 63 44 28 64 24 28 57 16 48
15 48 0 9 34 38 35 18 36 36 40 36 29 48 38
20 53 9 0 39 43 40 23 41 41 45 41 34 53 43
31 44 34 39 0 14 49 30 32 50 36 32 43 44 14
35 48 38 43 14 0 53 34 36 54 40 36 47 48 12
32 63 35 40 49 53 0 33 51 17 55 51 26 63 53
15 44 18 23 30 34 33 0 32 34 36 32 27 44 34
33 28 36 41 32 36 51 32 0 52 20 4 45 28 36
33 64 36 41 50 54 17 34 52 0 56 52 27 64 54
37 24 40 45 36 40 55 36 20 56 0 20 49 24 40
33 28 36 41 32 36 51 32 4 52 20 0 45 28 36
26 57 29 34 43 47 26 27 45 27 49 45 0 57 47
45 16 48 53 44 48 63 44 28 64 24 28 57 0 48
35 48 38 43 14 12 53 34 36 54 40 36 47 48 0
