15
0 66 12 10 28 35 14 33 44 28 58 48 27 66 26
66 0 58 70 58 43 78 97 34 92 24 22 91 16 46
12 58 0 16 20 27 24 43 36 38 50 40 37 58 18
10 70 16 0 32 39 22 41 48 36 62 52 35 70 30
28 58 20 32 0 27 40 59 36 54 50 40 53 58 18
35 43 27 39 27 0 47 66 21 61 35 25 60 43 15
14 78 24 22 40 47 0 27 56 22 70 60 21 78 38
33 97 43 41 59 66 27 0 75 21 89 79 8 97 57
44 34 36 48 36 21 56 75 0 70 26 16 69 34 24
28 92 38 36 54 61 22 21 70 0 84 74 15 92 52
58 24 50 62 50 35 70 89 26 84 0 14 83 24 38
48 22 40 52 40 25 60 79 16 74 14 0 73 22 28
27 91 37 35 53 60 21 8 69 15 83 73 0 91 51
66 16 58 70 58 43 78 97 34 92 24 22 91 0 46
26 46 18 30 18 15 38 57 24 52 38 28 51 46 0
