100
0 913 132 744 417 878 489 994 693 776 980 675 884 976 727 999 1043 1049 1183 993 739 414 900 519 409 794 1127 492 769 784 777 492 816 943 926 785 861 946 806 726 1126 686 842 412 633 1024 843 1004 846 1046 899 655 804 953 967 698 970 739 1061 611 519 816 905 913 1021 872 846 931 758 713 609 909 914 1037 826 1035 896 189 825 935 905 417 722 1094 1020 253 961 853 862 1027 959 720 1103 688 469 929 83 391 771 1089
913 0 809 717 718 839 650 659 654 259 645 648 549 641 688 960 1004 714 848 954 700 715 171 680 796 755 1088 653 730 267 738 879 777 904 887 746 822 907 289 887 1087 647 803 799 794 985 508 669 807 711 170 628 205 618 928 671 635 900 1022 430 680 777 866 874 982 833 807 892 919 532 570 870 579 998 787 700 857 844 786 600 570 578 541 1055 685 716 922 814 527 692 920 681 1064 649 856 200 864 692 932 754
132 809 0 640 313 774 385 890 589 672 876 571 780 872 623 895 939 945 1079 889 635 310 796 415 305 690 1023 388 665 680 673 388 712 839 822 681 757 842 702 622 1022 582 738 308 529 920 739 900 742 942 795 551 700 849 863 594 866 635 957 507 415 712 801 809 917 768 742 827 654 609 505 805 810 933 722 931 792 85 721 831 801 313 618 990 916 149 857 749 758 923 855 616 999 584 365 825 83 287 667 985
744 717 640 0 549 682 481 798 497 580 784 171 688 780 531 803 847 853 987 797 543 546 704 511 627 598 931 484 573 588 581 710 620 747 730 589 665 750 610 718 930 490 646 630 625 828 647 808 650 850 703 287 608 757 771 66 774 731 865 415 511 620 709 717 825 676 650 735 750 517 413 713 718 841 630 839 700 675 629 739 709 409 526 898 824 547 765 657 666 831 763 524 907 492 687 733 695 523 763 893
417 718 313 549 0 683 294 799 498 581 785 480 689 781 532 804 848 854 988 798 544 69 705 324 300 599 932 297 574 589 582 383 621 748 731 590 666 751 611 531 931 491 647 303 438 829 648 809 651 851 704 460 609 758 772 503 775 544 866 416 324 621 710 718 826 677 651 736 563 518 414 714 719 842 631 840 701 348 630 740 710 222 527 899 825 220 766 658 667 832 764 525 908 493 360 734 368 188 576 894
878 839 774 682 683 0 615 920 541 702 906 613 810 902 155 533 303 975 1109 253 587 680 826 645 761 416 387 618 459 710 467 844 506 633 460 319 395 206 732 852 386 534 376 764 759 284 769 930 536 972 825 593 730 879 501 636 896 865 321 537 645 438 595 603 555 120 536 465 884 639 457 599 840 571 448 961 430 809 515 861 831 543 648 354 946 681 495 113 788 953 219 568 363 536 821 855 829 657 897 1015
489 650 385 481 294 615 0 731 430 513 717 412 621 713 464 736 780 786 920 730 476 291 637 158 372 531 864 201 506 521 514 455 553 680 663 522 598 683 543 435 863 423 579 375 342 761 580 741 583 783 636 392 541 690 704 435 707 448 798 348 158 553 642 650 758 609 583 668 467 450 346 646 651 774 563 772 633 420 562 672 642 140 459 831 757 292 698 590 599 764 696 457 840 425 432 666 440 268 480 826
994 659 890 798 799 920 731 0 735 522 242 729 432 524 769 1041 1085 359 493 1035 781 796 646 761 877 836 1169 734 811 530 819 960 858 985 968 827 903 988 552 968 1168 728 884 880 875 1066 319 180 888 308 645 709 550 501 1009 752 92 981 1103 511 761 858 947 955 1063 914 888 973 1000 613 651 951 462 1079 868 345 938 925 867 483 453 659 622 1136 330 797 1003 895 410 337 1001 762 1145 730 937 675 945 773 1013 399
693 654 589 497 498 541 430 735 0 517 721 428 625 717 390 662 706 790 924 656 240 495 641 460 576 457 790 433 432 525 440 659 479 606 589 448 524 609 547 667 789 313 505 579 574 687 584 745 509 787 640 408 545 694 630 451 711 680 724 352 460 479 568 576 684 535 509 594 699 454 236 572 655 700 489 776 559 624 488 676 646 358 463 757 761 496 624 516 603 768 622 347 766 189 636 670 644 472 712 830
776 259 672 580 581 702 513 522 517 0 508 511 412 504 551 823 867 577 711 817 563 578 246 543 659 618 951 516 593 96 601 742 640 767 750 609 685 770 118 750 950 510 666 662 657 848 371 532 670 574 245 491 150 481 791 534 498 763 885 293 543 640 729 737 845 696 670 755 782 395 433 733 442 861 650 563 720 707 649 463 433 441 404 918 548 579 785 677 390 555 783 544 927 512 719 275 727 555 795 617
980 645 876 784 785 906 717 242 721 508 0 715 418 510 755 1027 1071 345 479 1021 767 782 632 747 863 822 1155 720 797 516 805 946 844 971 954 813 889 974 538 954 1154 714 870 866 861 1052 305 252 874 130 631 695 536 487 995 738 218 967 1089 497 747 844 933 941 1049 900 874 959 986 599 637 937 448 1065 854 331 924 911 853 469 439 645 608 1122 316 783 989 881 396 323 987 748 1131 716 923 661 931 759 999 385
675 648 571 171 480 613 412 729 428 511 715 0 619 711 462 734 778 784 918 728 474 477 635 442 558 529 862 415 504 519 512 641 551 678 661 520 596 681 541 649 861 421 577 561 556 759 578 739 581 781 634 218 539 688 702 125 705 662 796 346 442 551 640 648 756 607 581 666 681 448 344 644 649 772 561 770 631 606 560 670 640 340 457 829 755 478 696 588 597 762 694 455 838 423 618 664 626 454 694 824
884 549 780 688 689 810 621 432 625 412 418 619 0 232 659 931 975 487 621 925 671 686 536 651 767 726 1059 624 701 420 709 850 748 875 858 717 793 878 442 858 1058 618 774 770 765 956 281 442 778 484 535 599 440 129 899 642 408 871 993 401 651 748 837 845 953 804 778 863 890 503 541 841 118 969 758 473 828 815 757 191 109 549 512 1026 458 687 893 785 38 465 891 652 1035 620 827 565 835 663 903 527
976 641 872 780 781 902 713 524 717 504 510 711 232 0 751 1023 1067 579 713 1017 763 778 628 743 859 818 1151 716 793 512 801 942 840 967 950 809 885 970 534 950 1150 710 866 862 857 1048 373 534 870 576 627 691 532 301 991 734 500 963 1085 493 743 840 929 937 1045 896 870 955 982 595 633 933 262 1061 850 565 920 907 849 91 253 641 604 1118 550 779 985 877 210 557 983 744 1127 712 919 657 927 755 995 619
727 688 623 531 532 155 464 769 390 551 755 462 659 751 0 382 320 824 958 270 436 529 675 494 610 265 404 467 308 559 316 693 355 482 309 168 244 223 581 701 403 383 225 613 608 301 618 779 385 821 674 442 579 728 350 485 745 714 338 386 494 287 444 452 404 149 385 314 733 488 306 448 689 420 297 810 279 658 364 710 680 392 497 371 795 530 344 130 637 802 236 417 380 385 670 704 678 506 746 864
999 960 895 803 804 533 736 1041 662 823 1027 734 931 1023 382 0 698 1096 1230 648 708 801 947 766 882 537 782 739 580 831 588 965 627 754 245 220 446 601 853 973 781 655 427 885 880 679 890 1051 657 1093 946 714 851 1000 552 757 1017 986 716 658 766 559 716 724 108 527 657 94 1005 760 578 720 961 124 569 1082 481 930 636 982 952 664 769 749 1067 802 546 508 909 1074 614 689 758 657 942 976 950 778 1018 1136
1043 1004 939 847 848 303 780 1085 706 867 1071 778 975 1067 320 698 0 1140 1274 198 752 845 991 810 926 581 192 783 624 875 632 1009 671 798 625 484 560 279 897 1017 331 699 541 929 924 229 934 1095 701 1137 990 758 895 1044 666 801 1061 1030 266 702 810 603 760 768 720 297 701 630 1049 804 622 764 1005 736 613 1126 595 974 680 1026 996 708 813 299 1111 846 660 194 953 1118 292 733 168 701 986 1020 994 822 1062 1180
1049 714 945 853 854 975 786 359 790 577 345 784 487 579 824 1096 1140 0 350 1090 836 851 701 816 932 891 1224 789 866 585 874 1015 913 1040 1023 882 958 1043 607 1023 1223 783 939 935 930 1121 374 369 943 411 700 764 605 556 1064 807 335 1036 1158 566 816 913 1002 1010 1118 969 943 1028 1055 668 706 1006 517 1134 923 148 993 980 922 538 508 714 677 1191 133 852 1058 950 465 194 1056 817 1200 785 992 730 1000 828 1068 256
1183 848 1079 987 988 1109 920 493 924 711 479 918 621 713 958 1230 1274 350 0 1224 970 985 835 950 1066 1025 1358 923 1000 719 1008 1149 1047 1174 1157 1016 1092 1177 741 1157 1357 917 1073 1069 1064 1255 508 503 1077 545 834 898 739 690 1198 941 469 1170 1292 700 950 1047 1136 1144 1252 1103 1077 1162 1189 802 840 1140 651 1268 1057 336 1127 1114 1056 672 642 848 811 1325 321 986 1192 1084 599 176 1190 951 1334 919 1126 864 1134 962 1202 106
993 954 889 797 798 253 730 1035 656 817 1021 728 925 1017 270 648 198 1090 1224 0 702 795 941 760 876 531 282 733 574 825 582 959 621 748 575 434 510 229 847 967 237 649 491 879 874 51 884 1045 651 1087 940 708 845 994 616 751 1011 980 172 652 760 553 710 718 670 247 651 580 999 754 572 714 955 686 563 1076 545 924 630 976 946 658 763 205 1061 796 610 144 903 1068 242 683 258 651 936 970 944 772 1012 1130
739 700 635 543 544 587 476 781 240 563 767 474 671 763 436 708 752 836 970 702 0 541 687 506 622 503 836 479 478 571 486 705 525 652 635 494 570 655 593 713 835 359 551 625 620 733 630 791 555 833 686 454 591 740 676 497 757 726 770 398 506 525 614 622 730 581 555 640 745 500 282 618 701 746 535 822 605 670 534 722 692 404 509 803 807 542 670 562 649 814 668 393 812 109 682 716 690 518 758 876
414 715 310 546 69 680 291 796 495 578 782 477 686 778 529 801 845 851 985 795 541 0 702 321 297 596 929 294 571 586 579 380 618 745 728 587 663 748 608 528 928 488 644 300 435 826 645 806 648 848 701 457 606 755 769 500 772 541 863 413 321 618 707 715 823 674 648 733 560 515 411 711 716 839 628 837 698 345 627 737 707 219 524 896 822 217 763 655 664 829 761 522 905 490 357 731 365 185 573 891
900 171 796 704 705 826 637 646 641 246 632 635 536 628 675 947 991 701 835 941 687 702 0 667 783 742 1075 640 717 254 725 866 764 891 874 733 809 894 276 874 1074 634 790 786 781 972 495 656 794 698 45 615 192 605 915 658 622 887 1009 417 667 764 853 861 969 820 794 879 906 519 557 857 566 985 774 687 844 831 773 587 557 565 528 1042 672 703 909 801 514 679 907 668 1051 636 843 139 851 679 919 741
519 680 415 511 324 645 158 761 460 543 747 442 651 743 494 766 810 816 950 760 506 321 667 0 402 561 894 231 536 551 544 485 583 710 693 552 628 713 573 465 893 453 609 405 372 791 610 771 613 813 666 422 571 720 734 465 737 478 828 378 122 583 672 680 788 639 613 698 497 480 376 676 681 804 593 802 663 450 592 702 672 170 489 861 787 322 728 620 629 794 726 487 870 455 462 696 470 298 510 856
409 796 305 627 300 761 372 877 576 659 863 558 767 859 610 882 926 932 1066 876 622 297 783 402 0 677 1010 375 652 667 660 153 699 826 809 668 744 829 689 609 1009 569 725 101 516 907 726 887 729 929 782 538 687 836 850 581 853 622 944 494 402 699 788 796 904 755 729 814 641 596 492 792 797 920 709 918 779 340 708 818 788 300 605 977 903 212 844 736 745 910 842 603 986 571 130 812 360 274 654 972
794 755 690 598 599 416 531 836 457 618 822 529 726 818 265 537 581 891 1025 531 503 596 742 561 677 0 665 534 375 626 383 760 422 549 464 323 399 484 648 768 664 450 380 680 675 562 685 846 452 888 741 509 646 795 505 552 812 781 599 453 561 156 511 519 559 410 452 469 800 555 373 515 756 575 166 877 434 725 431 777 747 459 564 632 862 597 499 391 704 869 497 484 641 452 737 771 745 573 813 931
1127 1088 1023 931 932 387 864 1169 790 951 1155 862 1059 1151 404 782 192 1224 1358 282 836 929 1075 894 1010 665 0 867 708 959 716 1093 755 882 709 568 644 363 981 1101 415 783 625 1013 1008 313 1018 1179 785 1221 1074 842 979 1128 750 885 1145 1114 350 786 894 687 844 852 804 381 785 714 1133 888 706 848 1089 820 697 1210 679 1058 764 1110 1080 792 897 383 1195 930 744 278 1037 1202 376 817 140 785 1070 1104 1078 906 1146 1264
492 653 388 484 297 618 201 734 433 516 720 415 624 716 467 739 783 789 923 733 479 294 640 231 375 534 867 0 509 524 517 458 556 683 666 525 601 686 546 314 866 426 582 378 221 764 583 744 586 786 639 395 544 693 707 438 710 327 801 351 231 556 645 653 761 612 586 671 346 453 349 649 654 777 566 775 636 423 565 675 645 143 462 834 760 295 701 593 602 767 699 460 843 428 435 669 443 271 359 829
769 730 665 573 574 459 506 811 432 593 797 504 701 793 308 580 624 866 1000 574 478 571 717 536 652 375 708 509 0 601 120 735 205 332 507 366 442 527 623 743 707 425 423 655 650 605 660 821 235 863 716 484 621 770 548 527 787 756 642 428 536 397 294 302 602 453 235 512 775 530 348 298 731 618 407 852 477 700 74 752 722 434 539 675 837 572 542 434 679 844 540 459 684 427 712 746 720 548 788 906
784 267 680 588 589 710 521 530 525 96 516 519 420 512 559 831 875 585 719 825 571 586 254 551 667 626 959 524 601 0 609 750 648 775 758 617 693 778 54 758 958 518 674 670 665 856 379 540 678 582 253 499 158 489 799 542 506 771 893 301 551 648 737 745 853 704 678 763 790 403 441 741 450 869 658 571 728 715 657 471 441 449 412 926 556 587 793 685 398 563 791 552 935 520 727 283 735 563 803 625
777 738 673 581 582 467 514 819 440 601 805 512 709 801 316 588 632 874 1008 582 486 579 725 544 660 383 716 517 120 609 0 743 213 340 515 374 450 535 631 751 715 433 431 663 658 613 668 829 243 871 724 492 629 778 556 535 795 764 650 436 544 405 302 310 610 461 243 520 783 538 356 306 739 626 415 860 485 708 176 760 730 442 547 683 845 580 550 442 687 852 548 467 692 435 720 754 728 556 796 914
492 879 388 710 383 844 455 960 659 742 946 641 850 942 693 965 1009 1015 1149 959 705 380 866 485 153 760 1093 458 735 750 743 0 782 909 892 751 827 912 772 692 1092 652 808 184 599 990 809 970 812 1012 865 621 770 919 933 664 936 705 1027 577 485 782 871 879 987 838 812 897 724 679 575 875 880 1003 792 1001 862 423 791 901 871 383 688 1060 986 295 927 819 828 993 925 686 1069 654 125 895 443 357 737 1055
816 777 712 620 621 506 553 858 479 640 844 551 748 840 355 627 671 913 1047 621 525 618 764 583 699 422 755 556 205 648 213 782 0 333 554 413 489 574 670 790 754 472 470 702 697 652 707 868 236 910 763 531 668 817 595 574 834 803 689 475 583 444 295 303 649 500 118 559 822 577 395 299 778 665 454 899 524 747 261 799 769 481 586 722 884 619 589 481 726 891 587 506 731 474 759 793 767 595 835 953
943 904 839 747 748 633 680 985 606 767 971 678 875 967 482 754 798 1040 1174 748 652 745 891 710 826 549 882 683 332 775 340 909 333 0 681 540 616 701 797 917 881 599 597 829 824 779 834 995 231 1037 890 658 795 944 722 701 961 930 816 602 710 571 210 148 776 627 363 686 949 704 522 214 905 792 581 1026 651 874 388 926 896 608 713 849 1011 746 716 608 853 1018 714 633 858 601 886 920 894 722 962 1080
926 887 822 730 731 460 663 968 589 750 954 661 858 950 309 245 625 1023 1157 575 635 728 874 693 809 464 709 666 507 758 515 892 554 681 0 147 373 528 780 900 708 582 354 812 807 606 817 978 584 1020 873 641 778 927 479 684 944 913 643 585 693 486 643 651 267 454 584 177 932 687 505 647 888 283 496 1009 408 857 563 909 879 591 696 676 994 729 473 435 836 1001 541 616 685 584 869 903 877 705 945 1063
785 746 681 589 590 319 522 827 448 609 813 520 717 809 168 220 484 882 1016 434 494 587 733 552 668 323 568 525 366 617 374 751 413 540 147 0 232 387 639 759 567 441 213 671 666 465 676 837 443 879 732 500 637 786 338 543 803 772 502 444 552 345 502 510 242 313 443 152 791 546 364 506 747 258 355 868 267 716 422 768 738 450 555 535 853 588 332 294 695 860 400 475 544 443 728 762 736 564 804 922
861 822 757 665 666 395 598 903 524 685 889 596 793 885 244 446 560 958 1092 510 570 663 809 628 744 399 644 601 442 693 450 827 489 616 373 232 0 463 715 835 643 517 143 747 742 541 752 913 519 955 808 576 713 862 268 619 879 848 578 520 628 421 578 586 468 389 519 378 867 622 440 582 823 484 431 944 197 792 498 844 814 526 631 611 929 664 262 370 771 936 476 551 620 519 804 838 812 640 880 998
946 907 842 750 751 206 683 988 609 770 974 681 878 970 223 601 279 1043 1177 229 655 748 894 713 829 484 363 686 527 778 535 912 574 701 528 387 463 0 800 920 362 602 444 832 827 260 837 998 604 1040 893 661 798 947 569 704 964 933 297 605 713 506 663 671 623 200 604 533 952 707 525 667 908 639 516 1029 498 877 583 929 899 611 716 330 1014 749 563 97 856 1021 105 636 339 604 889 923 897 725 965 1083
806 289 702 610 611 732 543 552 547 118 538 541 442 534 581 853 897 607 741 847 593 608 276 573 689 648 981 546 623 54 631 772 670 797 780 639 715 800 0 780 980 540 696 692 687 878 401 562 700 604 275 521 180 511 821 564 528 793 915 323 573 670 759 767 875 726 700 785 812 425 463 763 472 891 680 593 750 737 679 493 463 471 434 948 578 609 815 707 420 585 813 574 957 542 749 305 757 585 825 647
726 887 622 718 531 852 435 968 667 750 954 649 858 950 701 973 1017 1023 1157 967 713 528 874 465 609 768 1101 314 743 758 751 692 790 917 900 759 835 920 780 0 1100 660 816 612 277 998 817 978 820 1020 873 629 778 927 941 672 944 187 1035 585 465 790 879 887 995 846 820 905 402 687 583 883 888 1011 800 1009 870 657 799 909 879 377 696 1068 994 529 935 827 836 1001 933 694 1077 662 669 903 677 505 415 1063
1126 1087 1022 930 931 386 863 1168 789 950 1154 861 1058 1150 403 781 331 1223 1357 237 835 928 1074 893 1009 664 415 866 707 958 715 1092 754 881 708 567 643 362 980 1100 0 782 624 1012 1007 268 1017 1178 784 1220 1073 841 978 1127 749 884 1144 1113 131 785 893 686 843 851 803 380 784 713 1132 887 705 847 1088 819 696 1209 678 1057 763 1109 1079 791 896 164 1194 929 743 277 1036 1201 375 816 391 784 1069 1103 1077 905 1145 1263
686 647 582 490 491 534 423 728 313 510 714 421 618 710 383 655 699 783 917 649 359 488 634 453 569 450 783 426 425 518 433 652 472 599 582 441 517 602 540 660 782 0 498 572 567 680 577 738 502 780 633 401 538 687 623 444 704 673 717 345 453 472 561 569 677 528 502 587 692 447 129 565 648 693 482 769 552 617 481 669 639 351 456 750 754 489 617 509 596 761 615 138 759 308 629 663 637 465 705 823
842 803 738 646 647 376 579 884 505 666 870 577 774 866 225 427 541 939 1073 491 551 644 790 609 725 380 625 582 423 674 431 808 470 597 354 213 143 444 696 816 624 498 0 728 723 522 733 894 500 936 789 557 694 843 233 600 860 829 559 501 609 402 559 567 449 370 500 359 848 603 421 563 804 465 412 925 162 773 479 825 795 507 612 592 910 645 227 351 752 917 457 532 601 500 785 819 793 621 861 979
412 799 308 630 303 764 375 880 579 662 866 561 770 862 613 885 929 935 1069 879 625 300 786 405 101 680 1013 378 655 670 663 184 702 829 812 671 747 832 692 612 1012 572 728 0 519 910 729 890 732 932 785 541 690 839 853 584 856 625 947 497 405 702 791 799 907 758 732 817 644 599 495 795 800 923 712 921 782 343 711 821 791 303 608 980 906 215 847 739 748 913 845 606 989 574 161 815 363 277 657 975
633 794 529 625 438 759 342 875 574 657 861 556 765 857 608 880 924 930 1064 874 620 435 781 372 516 675 1008 221 650 665 658 599 697 824 807 666 742 827 687 277 1007 567 723 519 0 905 724 885 727 927 780 536 685 834 848 579 851 290 942 492 372 697 786 794 902 753 727 812 199 594 490 790 795 918 707 916 777 564 706 816 786 284 603 975 901 436 842 734 743 908 840 601 984 569 576 810 584 412 212 970
1024 985 920 828 829 284 761 1066 687 848 1052 759 956 1048 301 679 229 1121 1255 51 733 826 972 791 907 562 313 764 605 856 613 990 652 779 606 465 541 260 878 998 268 680 522 910 905 0 915 1076 682 1118 971 739 876 1025 647 782 1042 1011 203 683 791 584 741 749 701 278 682 611 1030 785 603 745 986 717 594 1107 576 955 661 1007 977 689 794 236 1092 827 641 175 934 1099 273 714 289 682 967 1001 975 803 1043 1161
843 508 739 647 648 769 580 319 584 371 305 578 281 373 618 890 934 374 508 884 630 645 495 610 726 685 1018 583 660 379 668 809 707 834 817 676 752 837 401 817 1017 577 733 729 724 915 0 329 737 371 494 558 399 350 858 601 295 830 952 360 610 707 796 804 912 763 737 822 849 462 500 800 311 928 717 360 787 774 716 332 302 508 471 985 345 646 852 744 259 352 850 611 994 579 786 524 794 622 862 414
1004 669 900 808 809 930 741 180 745 532 252 739 442 534 779 1051 1095 369 503 1045 791 806 656 771 887 846 1179 744 821 540 829 970 868 995 978 837 913 998 562 978 1178 738 894 890 885 1076 329 0 898 318 655 719 560 511 1019 762 156 991 1113 521 771 868 957 965 1073 924 898 983 1010 623 661 961 472 1089 878 355 948 935 877 493 463 669 632 1146 340 807 1013 905 420 347 1011 772 1155 740 947 685 955 783 1023 409
846 807 742 650 651 536 583 888 509 670 874 581 778 870 385 657 701 943 1077 651 555 648 794 613 729 452 785 586 235 678 243 812 236 231 584 443 519 604 700 820 784 502 500 732 727 682 737 898 0 940 793 561 698 847 625 604 864 833 719 505 613 474 193 201 679 530 266 589 852 607 425 197 808 695 484 929 554 777 291 829 799 511 616 752 914 649 619 511 756 921 617 536 761 504 789 823 797 625 865 983
1046 711 942 850 851 972 783 308 787 574 130 781 484 576 821 1093 1137 411 545 1087 833 848 698 813 929 888 1221 786 863 582 871 1012 910 1037 1020 879 955 1040 604 1020 1220 780 936 932 927 1118 371 318 940 0 697 761 602 553 1061 804 284 1033 1155 563 813 910 999 1007 1115 966 940 1025 1052 665 703 1003 514 1131 920 397 990 977 919 535 505 711 674 1188 382 849 1055 947 462 389 1053 814 1197 782 989 727 997 825 1065 451
899 170 795 703 704 825 636 645 640 245 631 634 535 627 674 946 990 700 834 940 686 701 45 666 782 741 1074 639 716 253 724 865 763 890 873 732 808 893 275 873 1073 633 789 785 780 971 494 655 793 697 0 614 191 604 914 657 621 886 1008 416 666 763 852 860 968 819 793 878 905 518 556 856 565 984 773 686 843 830 772 586 556 564 527 1041 671 702 908 800 513 678 906 667 1050 635 842 138 850 678 918 740
655 628 551 287 460 593 392 709 408 491 695 218 599 691 442 714 758 764 898 708 454 457 615 422 538 509 842 395 484 499 492 621 531 658 641 500 576 661 521 629 841 401 557 541 536 739 558 719 561 761 614 0 519 668 682 241 685 642 776 326 422 531 620 628 736 587 561 646 661 428 324 624 629 752 541 750 611 586 540 650 620 320 437 809 735 458 676 568 577 742 674 435 818 403 598 644 606 434 674 804
804 205 700 608 609 730 541 550 545 150 536 539 440 532 579 851 895 605 739 845 591 606 192 571 687 646 979 544 621 158 629 770 668 795 778 637 713 798 180 778 978 538 694 690 685 876 399 560 698 602 191 519 0 509 819 562 526 791 913 321 571 668 757 765 873 724 698 783 810 423 461 761 470 889 678 591 748 735 677 491 461 469 432 946 576 607 813 705 418 583 811 572 955 540 747 221 755 583 823 645
953 618 849 757 758 879 690 501 694 481 487 688 129 301 728 1000 1044 556 690 994 740 755 605 720 836 795 1128 693 770 489 778 919 817 944 927 786 862 947 511 927 1127 687 843 839 834 1025 350 511 847 553 604 668 509 0 968 711 477 940 1062 470 720 817 906 914 1022 873 847 932 959 572 610 910 187 1038 827 542 897 884 826 260 178 618 581 1095 527 756 962 854 99 534 960 721 1104 689 896 634 904 732 972 596
967 928 863 771 772 501 704 1009 630 791 995 702 899 991 350 552 666 1064 1198 616 676 769 915 734 850 505 750 707 548 799 556 933 595 722 479 338 268 569 821 941 749 623 233 853 848 647 858 1019 625 1061 914 682 819 968 0 725 985 954 684 626 734 527 684 692 574 495 625 484 973 728 546 688 929 590 537 1050 175 898 604 950 920 632 737 717 1035 770 40 476 877 1042 582 657 726 625 910 944 918 746 986 1104
698 671 594 66 503 636 435 752 451 534 738 125 642 734 485 757 801 807 941 751 497 500 658 465 581 552 885 438 527 542 535 664 574 701 684 543 619 704 564 672 884 444 600 584 579 782 601 762 604 804 657 241 562 711 725 0 728 685 819 369 465 574 663 671 779 630 604 689 704 471 367 667 672 795 584 793 654 629 583 693 663 363 480 852 778 501 719 611 620 785 717 478 861 446 641 687 649 477 717 847
970 635 866 774 775 896 707 92 711 498 218 705 408 500 745 1017 1061 335 469 1011 757 772 622 737 853 812 1145 710 787 506 795 936 834 961 944 803 879 964 528 944 1144 704 860 856 851 1042 295 156 864 284 621 685 526 477 985 728 0 957 1079 487 737 834 923 931 1039 890 864 949 976 589 627 927 438 1055 844 321 914 901 843 459 429 635 598 1112 306 773 979 871 386 313 977 738 1121 706 913 651 921 749 989 375
739 900 635 731 544 865 448 981 680 763 967 662 871 963 714 986 1030 1036 1170 980 726 541 887 478 622 781 1114 327 756 771 764 705 803 930 913 772 848 933 793 187 1113 673 829 625 290 1011 830 991 833 1033 886 642 791 940 954 685 957 0 1048 598 478 803 892 900 1008 859 833 918 415 700 596 896 901 1024 813 1022 883 670 812 922 892 390 709 1081 1007 542 948 840 849 1014 946 707 1090 675 682 916 690 518 428 1076
1061 1022 957 865 866 321 798 1103 724 885 1089 796 993 1085 338 716 266 1158 1292 172 770 863 1009 828 944 599 350 801 642 893 650 1027 689 816 643 502 578 297 915 1035 131 717 559 947 942 203 952 1113 719 1155 1008 776 913 1062 684 819 1079 1048 0 720 828 621 778 786 738 315 719 648 1067 822 640 782 1023 754 631 1144 613 992 698 1044 1014 726 831 83 1129 864 678 212 971 1136 310 751 326 719 1004 1038 1012 840 1080 1198
611 430 507 415 416 537 348 511 352 293 497 346 401 493 386 658 702 566 700 652 398 413 417 378 494 453 786 351 428 301 436 577 475 602 585 444 520 605 323 585 785 345 501 497 492 683 360 521 505 563 416 326 321 470 626 369 487 598 720 0 378 475 564 572 680 531 505 590 617 196 268 568 431 696 485 552 555 542 484 452 422 276 205 753 537 414 620 512 379 544 618 379 762 347 554 446 562 390 630 606
519 680 415 511 324 645 158 761 460 543 747 442 651 743 494 766 810 816 950 760 506 321 667 122 402 561 894 231 536 551 544 485 583 710 693 552 628 713 573 465 893 453 609 405 372 791 610 771 613 813 666 422 571 720 734 465 737 478 828 378 0 583 672 680 788 639 613 698 497 480 376 676 681 804 593 802 663 450 592 702 672 170 489 861 787 322 728 620 629 794 726 487 870 455 462 696 470 298 510 856
816 777 712 620 621 438 553 858 479 640 844 551 748 840 287 559 603 913 1047 553 525 618 764 583 699 156 687 556 397 648 405 782 444 571 486 345 421 506 670 790 686 472 402 702 697 584 707 868 474 910 763 531 668 817 527 574 834 803 621 475 583 0 533 541 581 432 474 491 822 577 395 537 778 597 170 899 456 747 453 799 769 481 586 654 884 619 521 413 726 891 519 506 663 474 759 793 767 595 835 953
905 866 801 709 710 595 642 947 568 729 933 640 837 929 444 716 760 1002 1136 710 614 707 853 672 788 511 844 645 294 737 302 871 295 210 643 502 578 663 759 879 843 561 559 791 786 741 796 957 193 999 852 620 757 906 684 663 923 892 778 564 672 533 0 180 738 589 325 648 911 666 484 56 867 754 543 988 613 836 350 888 858 570 675 811 973 708 678 570 815 980 676 595 820 563 848 882 856 684 924 1042
913 874 809 717 718 603 650 955 576 737 941 648 845 937 452 724 768 1010 1144 718 622 715 861 680 796 519 852 653 302 745 310 879 303 148 651 510 586 671 767 887 851 569 567 799 794 749 804 965 201 1007 860 628 765 914 692 671 931 900 786 572 680 541 180 0 746 597 333 656 919 674 492 184 875 762 551 996 621 844 358 896 866 578 683 819 981 716 686 578 823 988 684 603 828 571 856 890 864 692 932 1050
1021 982 917 825 826 555 758 1063 684 845 1049 756 953 1045 404 108 720 1118 1252 670 730 823 969 788 904 559 804 761 602 853 610 987 649 776 267 242 468 623 875 995 803 677 449 907 902 701 912 1073 679 1115 968 736 873 1022 574 779 1039 1008 738 680 788 581 738 746 0 549 679 116 1027 782 600 742 983 92 591 1104 503 952 658 1004 974 686 791 771 1089 824 568 530 931 1096 636 711 780 679 964 998 972 800 1040 1158
872 833 768 676 677 120 609 914 535 696 900 607 804 896 149 527 297 969 1103 247 581 674 820 639 755 410 381 612 453 704 461 838 500 627 454 313 389 200 726 846 380 528 370 758 753 278 763 924 530 966 819 587 724 873 495 630 890 859 315 531 639 432 589 597 549 0 530 459 878 633 451 593 834 565 442 955 424 803 509 855 825 537 642 348 940 675 489 107 782 947 213 562 357 530 815 849 823 651 891 1009
846 807 742 650 651 536 583 888 509 670 874 581 778 870 385 657 701 943 1077 651 555 648 794 613 729 452 785 586 235 678 243 812 118 363 584 443 519 604 700 820 784 502 500 732 727 682 737 898 266 940 793 561 698 847 625 604 864 833 719 505 613 474 325 333 679 530 0 589 852 607 425 329 808 695 484 929 554 777 291 829 799 511 616 752 914 649 619 511 756 921 617 536 761 504 789 823 797 625 865 983
931 892 827 735 736 465 668 973 594 755 959 666 863 955 314 94 630 1028 1162 580 640 733 879 698 814 469 714 671 512 763 520 897 559 686 177 152 378 533 785 905 713 587 359 817 812 611 822 983 589 1025 878 646 783 932 484 689 949 918 648 590 698 491 648 656 116 459 589 0 937 692 510 652 893 132 501 1014 413 862 568 914 884 596 701 681 999 734 478 440 841 1006 546 621 690 589 874 908 882 710 950 1068
758 919 654 750 563 884 467 1000 699 782 986 681 890 982 733 1005 1049 1055 1189 999 745 560 906 497 641 800 1133 346 775 790 783 724 822 949 932 791 867 952 812 402 1132 692 848 644 199 1030 849 1010 852 1052 905 661 810 959 973 704 976 415 1067 617 497 822 911 919 1027 878 852 937 0 719 615 915 920 1043 832 1041 902 689 831 941 911 409 728 1100 1026 561 967 859 868 1033 965 726 1109 694 701 935 709 537 143 1095
713 532 609 517 518 639 450 613 454 395 599 448 503 595 488 760 804 668 802 754 500 515 519 480 596 555 888 453 530 403 538 679 577 704 687 546 622 707 425 687 887 447 603 599 594 785 462 623 607 665 518 428 423 572 728 471 589 700 822 196 480 577 666 674 782 633 607 692 719 0 370 670 533 798 587 654 657 644 586 554 524 378 155 855 639 516 722 614 481 646 720 481 864 449 656 548 664 492 732 708
609 570 505 413 414 457 346 651 236 433 637 344 541 633 306 578 622 706 840 572 282 411 557 376 492 373 706 349 348 441 356 575 395 522 505 364 440 525 463 583 705 129 421 495 490 603 500 661 425 703 556 324 461 610 546 367 627 596 640 268 376 395 484 492 600 451 425 510 615 370 0 488 571 616 405 692 475 540 404 592 562 274 379 673 677 412 540 432 519 684 538 163 682 231 552 586 560 388 628 746
909 870 805 713 714 599 646 951 572 733 937 644 841 933 448 720 764 1006 1140 714 618 711 857 676 792 515 848 649 298 741 306 875 299 214 647 506 582 667 763 883 847 565 563 795 790 745 800 961 197 1003 856 624 761 910 688 667 927 896 782 568 676 537 56 184 742 593 329 652 915 670 488 0 871 758 547 992 617 840 354 892 862 574 679 815 977 712 682 574 819 984 680 599 824 567 852 886 860 688 928 1046
914 579 810 718 719 840 651 462 655 442 448 649 118 262 689 961 1005 517 651 955 701 716 566 681 797 756 1089 654 731 450 739 880 778 905 888 747 823 908 472 888 1088 648 804 800 795 986 311 472 808 514 565 629 470 187 929 672 438 901 1023 431 681 778 867 875 983 834 808 893 920 533 571 871 0 999 788 503 858 845 787 221 93 579 542 1056 488 717 923 815 96 495 921 682 1065 650 857 595 865 693 933 557
1037 998 933 841 842 571 774 1079 700 861 1065 772 969 1061 420 124 736 1134 1268 686 746 839 985 804 920 575 820 777 618 869 626 1003 665 792 283 258 484 639 891 1011 819 693 465 923 918 717 928 1089 695 1131 984 752 889 1038 590 795 1055 1024 754 696 804 597 754 762 92 565 695 132 1043 798 616 758 999 0 607 1120 519 968 674 1020 990 702 807 787 1105 840 584 546 947 1112 652 727 796 695 980 1014 988 816 1056 1174
826 787 722 630 631 448 563 868 489 650 854 561 758 850 297 569 613 923 1057 563 535 628 774 593 709 166 697 566 407 658 415 792 454 581 496 355 431 516 680 800 696 482 412 712 707 594 717 878 484 920 773 541 678 827 537 584 844 813 631 485 593 170 543 551 591 442 484 501 832 587 405 547 788 607 0 909 466 757 463 809 779 491 596 664 894 629 531 423 736 901 529 516 673 484 769 803 777 605 845 963
1035 700 931 839 840 961 772 345 776 563 331 770 473 565 810 1082 1126 148 336 1076 822 837 687 802 918 877 1210 775 852 571 860 1001 899 1026 1009 868 944 1029 593 1009 1209 769 925 921 916 1107 360 355 929 397 686 750 591 542 1050 793 321 1022 1144 552 802 899 988 996 1104 955 929 1014 1041 654 692 992 503 1120 909 0 979 966 908 524 494 700 663 1177 95 838 1044 936 451 180 1042 803 1186 771 978 716 986 814 1054 242
896 857 792 700 701 430 633 938 559 720 924 631 828 920 279 481 595 993 1127 545 605 698 844 663 779 434 679 636 477 728 485 862 524 651 408 267 197 498 750 870 678 552 162 782 777 576 787 948 554 990 843 611 748 897 175 654 914 883 613 555 663 456 613 621 503 424 554 413 902 657 475 617 858 519 466 979 0 827 533 879 849 561 666 646 964 699 169 405 806 971 511 586 655 554 839 873 847 675 915 1033
189 844 85 675 348 809 420 925 624 707 911 606 815 907 658 930 974 980 1114 924 670 345 831 450 340 725 1058 423 700 715 708 423 747 874 857 716 792 877 737 657 1057 617 773 343 564 955 774 935 777 977 830 586 735 884 898 629 901 670 992 542 450 747 836 844 952 803 777 862 689 644 540 840 845 968 757 966 827 0 756 866 836 348 653 1025 951 184 892 784 793 958 890 651 1034 619 400 860 140 322 702 1020
825 786 721 629 630 515 562 867 488 649 853 560 757 849 364 636 680 922 1056 630 534 627 773 592 708 431 764 565 74 657 176 791 261 388 563 422 498 583 679 799 763 481 479 711 706 661 716 877 291 919 772 540 677 826 604 583 843 812 698 484 592 453 350 358 658 509 291 568 831 586 404 354 787 674 463 908 533 756 0 808 778 490 595 731 893 628 598 490 735 900 596 515 740 483 768 802 776 604 844 962
935 600 831 739 740 861 672 483 676 463 469 670 191 91 710 982 1026 538 672 976 722 737 587 702 818 777 1110 675 752 471 760 901 799 926 909 768 844 929 493 909 1109 669 825 821 816 1007 332 493 829 535 586 650 491 260 950 693 459 922 1044 452 702 799 888 896 1004 855 829 914 941 554 592 892 221 1020 809 524 879 866 808 0 212 600 563 1077 509 738 944 836 169 516 942 703 1086 671 878 616 886 714 954 578
905 570 801 709 710 831 642 453 646 433 439 640 109 253 680 952 996 508 642 946 692 707 557 672 788 747 1080 645 722 441 730 871 769 896 879 738 814 899 463 879 1079 639 795 791 786 977 302 463 799 505 556 620 461 178 920 663 429 892 1014 422 672 769 858 866 974 825 799 884 911 524 562 862 93 990 779 494 849 836 778 212 0 570 533 1047 479 708 914 806 87 486 912 673 1056 641 848 586 856 684 924 548
417 578 313 409 222 543 140 659 358 441 645 340 549 641 392 664 708 714 848 658 404 219 565 170 300 459 792 143 434 449 442 383 481 608 591 450 526 611 471 377 791 351 507 303 284 689 508 669 511 711 564 320 469 618 632 363 635 390 726 276 170 481 570 578 686 537 511 596 409 378 274 574 579 702 491 700 561 348 490 600 570 0 387 759 685 220 626 518 527 692 624 385 768 353 360 594 368 196 422 754
722 541 618 526 527 648 459 622 463 404 608 457 512 604 497 769 813 677 811 763 509 524 528 489 605 564 897 462 539 412 547 688 586 713 696 555 631 716 434 696 896 456 612 608 603 794 471 632 616 674 527 437 432 581 737 480 598 709 831 205 489 586 675 683 791 642 616 701 728 155 379 679 542 807 596 663 666 653 595 563 533 387 0 864 648 525 731 623 490 655 729 490 873 458 665 557 673 501 741 717
1094 1055 990 898 899 354 831 1136 757 918 1122 829 1026 1118 371 749 299 1191 1325 205 803 896 1042 861 977 632 383 834 675 926 683 1060 722 849 676 535 611 330 948 1068 164 750 592 980 975 236 985 1146 752 1188 1041 809 946 1095 717 852 1112 1081 83 753 861 654 811 819 771 348 752 681 1100 855 673 815 1056 787 664 1177 646 1025 731 1077 1047 759 864 0 1162 897 711 245 1004 1169 343 784 359 752 1037 1071 1045 873 1113 1231
1020 685 916 824 825 946 757 330 761 548 316 755 458 550 795 1067 1111 133 321 1061 807 822 672 787 903 862 1195 760 837 556 845 986 884 1011 994 853 929 1014 578 994 1194 754 910 906 901 1092 345 340 914 382 671 735 576 527 1035 778 306 1007 1129 537 787 884 973 981 1089 940 914 999 1026 639 677 977 488 1105 894 95 964 951 893 509 479 685 648 1162 0 823 1029 921 436 165 1027 788 1171 756 963 701 971 799 1039 227
253 716 149 547 220 681 292 797 496 579 783 478 687 779 530 802 846 852 986 796 542 217 703 322 212 597 930 295 572 587 580 295 619 746 729 588 664 749 609 529 929 489 645 215 436 827 646 807 649 849 702 458 607 756 770 501 773 542 864 414 322 619 708 716 824 675 649 734 561 516 412 712 717 840 629 838 699 184 628 738 708 220 525 897 823 0 764 656 665 830 762 523 906 491 272 732 204 194 574 892
961 922 857 765 766 495 698 1003 624 785 989 696 893 985 344 546 660 1058 1192 610 670 763 909 728 844 499 744 701 542 793 550 927 589 716 473 332 262 563 815 935 743 617 227 847 842 641 852 1013 619 1055 908 676 813 962 40 719 979 948 678 620 728 521 678 686 568 489 619 478 967 722 540 682 923 584 531 1044 169 892 598 944 914 626 731 711 1029 764 0 470 871 1036 576 651 720 619 904 938 912 740 980 1098
853 814 749 657 658 113 590 895 516 677 881 588 785 877 130 508 194 950 1084 144 562 655 801 620 736 391 278 593 434 685 442 819 481 608 435 294 370 97 707 827 277 509 351 739 734 175 744 905 511 947 800 568 705 854 476 611 871 840 212 512 620 413 570 578 530 107 511 440 859 614 432 574 815 546 423 936 405 784 490 836 806 518 623 245 921 656 470 0 763 928 110 543 254 511 796 830 804 632 872 990
862 527 758 666 667 788 599 410 603 390 396 597 38 210 637 909 953 465 599 903 649 664 514 629 745 704 1037 602 679 398 687 828 726 853 836 695 771 856 420 836 1036 596 752 748 743 934 259 420 756 462 513 577 418 99 877 620 386 849 971 379 629 726 815 823 931 782 756 841 868 481 519 819 96 947 736 451 806 793 735 169 87 527 490 1004 436 665 871 763 0 443 869 630 1013 598 805 543 813 641 881 505
1027 692 923 831 832 953 764 337 768 555 323 762 465 557 802 1074 1118 194 176 1068 814 829 679 794 910 869 1202 767 844 563 852 993 891 1018 1001 860 936 1021 585 1001 1201 761 917 913 908 1099 352 347 921 389 678 742 583 534 1042 785 313 1014 1136 544 794 891 980 988 1096 947 921 1006 1033 646 684 984 495 1112 901 180 971 958 900 516 486 692 655 1169 165 830 1036 928 443 0 1034 795 1178 763 970 708 978 806 1046 82
959 920 855 763 764 219 696 1001 622 783 987 694 891 983 236 614 292 1056 1190 242 668 761 907 726 842 497 376 699 540 791 548 925 587 714 541 400 476 105 813 933 375 615 457 845 840 273 850 1011 617 1053 906 674 811 960 582 717 977 946 310 618 726 519 676 684 636 213 617 546 965 720 538 680 921 652 529 1042 511 890 596 942 912 624 729 343 1027 762 576 110 869 1034 0 649 352 617 902 936 910 738 978 1096
720 681 616 524 525 568 457 762 347 544 748 455 652 744 417 689 733 817 951 683 393 522 668 487 603 484 817 460 459 552 467 686 506 633 616 475 551 636 574 694 816 138 532 606 601 714 611 772 536 814 667 435 572 721 657 478 738 707 751 379 487 506 595 603 711 562 536 621 726 481 163 599 682 727 516 803 586 651 515 703 673 385 490 784 788 523 651 543 630 795 649 0 793 342 663 697 671 499 739 857
1103 1064 999 907 908 363 840 1145 766 927 1131 838 1035 1127 380 758 168 1200 1334 258 812 905 1051 870 986 641 140 843 684 935 692 1069 731 858 685 544 620 339 957 1077 391 759 601 989 984 289 994 1155 761 1197 1050 818 955 1104 726 861 1121 1090 326 762 870 663 820 828 780 357 761 690 1109 864 682 824 1065 796 673 1186 655 1034 740 1086 1056 768 873 359 1171 906 720 254 1013 1178 352 793 0 761 1046 1080 1054 882 1122 1240
688 649 584 492 493 536 425 730 189 512 716 423 620 712 385 657 701 785 919 651 109 490 636 455 571 452 785 428 427 520 435 654 474 601 584 443 519 604 542 662 784 308 500 574 569 682 579 740 504 782 635 403 540 689 625 446 706 675 719 347 455 474 563 571 679 530 504 589 694 449 231 567 650 695 484 771 554 619 483 671 641 353 458 752 756 491 619 511 598 763 617 342 761 0 631 665 639 467 707 825
469 856 365 687 360 821 432 937 636 719 923 618 827 919 670 942 986 992 1126 936 682 357 843 462 130 737 1070 435 712 727 720 125 759 886 869 728 804 889 749 669 1069 629 785 161 576 967 786 947 789 989 842 598 747 896 910 641 913 682 1004 554 462 759 848 856 964 815 789 874 701 656 552 852 857 980 769 978 839 400 768 878 848 360 665 1037 963 272 904 796 805 970 902 663 1046 631 0 872 420 334 714 1032
929 200 825 733 734 855 666 675 670 275 661 664 565 657 704 976 1020 730 864 970 716 731 139 696 812 771 1104 669 746 283 754 895 793 920 903 762 838 923 305 903 1103 663 819 815 810 1001 524 685 823 727 138 644 221 634 944 687 651 916 1038 446 696 793 882 890 998 849 823 908 935 548 586 886 595 1014 803 716 873 860 802 616 586 594 557 1071 701 732 938 830 543 708 936 697 1080 665 872 0 880 708 948 770
83 864 83 695 368 829 440 945 644 727 931 626 835 927 678 950 994 1000 1134 944 690 365 851 470 360 745 1078 443 720 735 728 443 767 894 877 736 812 897 757 677 1077 637 793 363 584 975 794 955 797 997 850 606 755 904 918 649 921 690 1012 562 470 767 856 864 972 823 797 882 709 664 560 860 865 988 777 986 847 140 776 886 856 368 673 1045 971 204 912 804 813 978 910 671 1054 639 420 880 0 342 722 1040
391 692 287 523 188 657 268 773 472 555 759 454 663 755 506 778 822 828 962 772 518 185 679 298 274 573 906 271 548 563 556 357 595 722 705 564 640 725 585 505 905 465 621 277 412 803 622 783 625 825 678 434 583 732 746 477 749 518 840 390 298 595 684 692 800 651 625 710 537 492 388 688 693 816 605 814 675 322 604 714 684 196 501 873 799 194 740 632 641 806 738 499 882 467 334 708 342 0 550 868
