1
288 144 144
2
144 288 144
192 288 96
3
96 192 288
144 144 288
192 96 288
5
288 72 216
288 96 192
288 108 180
288 192 96
288 216 72
4
72 288 216
96 288 192
180 288 108
216 288 72
5
64 224 288
72 216 288
108 180 288
128 160 288
216 72 288
10
288 48 240
288 64 224
288 112 176
288 120 168
288 126 162
288 128 160
288 168 120
288 180 108
288 208 80
288 240 48
12
48 288 240
64 288 224
80 288 208
108 288 180
120 288 168
128 288 160
160 288 128
162 288 126
168 288 120
176 288 112
224 288 64
240 288 48
10
48 240 288
112 176 288
120 168 288
126 162 288
160 128 288
168 120 288
180 108 288
208 80 288
224 64 288
240 48 288
20
288 36 252
288 54 234
288 60 228
288 63 225
288 80 208
288 84 204
288 90 198
288 104 184
288 110 178
288 132 156
288 160 128
288 162 126
288 176 112
288 198 90
288 200 88
288 204 84
288 207 81
288 224 64
288 234 54
288 252 36
19
36 288 252
54 288 234
81 288 207
84 288 204
88 288 200
90 288 198
112 288 176
126 288 162
156 288 132
178 288 110
184 288 104
198 288 90
204 288 84
208 288 80
225 288 63
228 288 60
234 288 54
252 288 36
256 288 32
20
32 256 288
36 252 288
54 234 288
60 228 288
63 225 288
80 208 288
84 204 288
90 198 288
104 184 288
110 178 288
132 156 288
162 126 288
176 112 288
198 90 288
200 88 288
204 84 288
207 81 288
234 54 288
252 36 288
256 32 288
20
288 32 256
288 45 243
288 66 222
288 78 210
288 81 207
288 88 200
288 102 186
288 117 171
288 135 153
288 156 132
288 171 117
288 184 104
288 186 102
288 210 78
288 212 76
288 222 66
288 225 63
288 228 60
288 243 45
288 256 32
19
32 288 256
45 288 243
60 288 228
63 288 225
66 288 222
76 288 212
78 288 210
102 288 186
104 288 184
117 288 171
132 288 156
153 288 135
171 288 117
186 288 102
200 288 88
207 288 81
210 288 78
222 288 66
243 288 45
18
45 243 288
66 222 288
78 210 288
81 207 288
88 200 288
102 186 288
117 171 288
135 153 288
156 132 288
171 117 288
184 104 288
186 102 288
210 78 288
212 76 288
222 66 288
225 63 288
228 60 288
243 45 288
38
288 24 264
288 27 261
288 39 249
288 40 248
288 42 246
288 44 244
288 56 232
288 62 226
288 68 220
288 69 219
288 76 212
288 87 201
288 99 189
288 100 188
288 111 177
288 114 174
288 118 170
288 119 169
288 122 166
288 129 159
288 136 152
288 152 136
288 153 135
288 158 130
288 159 129
288 166 122
288 167 121
288 170 118
288 196 92
288 201 87
288 213 75
288 220 68
288 232 56
288 236 52
288 237 51
288 248 40
288 258 30
288 264 24
38
24 288 264
30 288 258
40 288 248
51 288 237
52 288 236
56 288 232
68 288 220
75 288 213
87 288 201
92 288 196
118 288 170
121 288 167
122 288 166
129 288 159
130 288 158
135 288 153
136 288 152
152 288 136
159 288 129
166 288 122
169 288 119
170 288 118
174 288 114
177 288 111
188 288 100
189 288 99
201 288 87
212 288 76
219 288 69
220 288 68
226 288 62
232 288 56
244 288 44
246 288 42
248 288 40
249 288 39
261 288 27
264 288 24
38
24 264 288
27 261 288
39 249 288
40 248 288
42 246 288
44 244 288
56 232 288
62 226 288
68 220 288
69 219 288
76 212 288
87 201 288
99 189 288
100 188 288
111 177 288
114 174 288
118 170 288
119 169 288
122 166 288
129 159 288
136 152 288
152 136 288
153 135 288
158 130 288
159 129 288
166 122 288
167 121 288
170 118 288
196 92 288
201 87 288
213 75 288
220 68 288
232 56 288
236 52 288
237 51 288
248 40 288
258 30 288
264 24 288
52
288 28 260
288 30 258
288 33 255
288 38 250
288 46 242
288 51 237
288 52 236
288 53 235
288 61 227
288 75 213
288 77 211
288 79 209
288 85 203
288 86 202
288 92 196
288 101 187
288 105 183
288 106 182
288 109 179
288 113 175
288 121 167
288 124 164
288 125 163
288 127 161
288 130 158
288 134 154
288 138 150
288 154 134
288 161 127
288 169 119
288 174 114
288 175 113
288 177 111
288 178 110
288 182 106
288 183 105
288 188 100
288 189 99
288 202 86
288 203 85
288 209 79
288 219 69
288 226 62
288 227 61
288 238 50
288 244 44
288 246 42
288 249 39
288 250 38
288 251 37
288 255 33
288 261 27
52
27 288 261
33 288 255
37 288 251
38 288 250
39 288 249
42 288 246
44 288 244
50 288 238
61 288 227
62 288 226
69 288 219
79 288 209
85 288 203
86 288 202
99 288 189
100 288 188
105 288 183
106 288 182
110 288 178
111 288 177
113 288 175
114 288 174
119 288 169
127 288 161
134 288 154
150 288 138
154 288 134
158 288 130
161 288 127
163 288 125
164 288 124
167 288 121
175 288 113
179 288 109
182 288 106
183 288 105
187 288 101
196 288 92
202 288 86
203 288 85
209 288 79
211 288 77
213 288 75
227 288 61
235 288 53
236 288 52
237 288 51
242 288 46
250 288 38
255 288 33
258 288 30
260 288 28
52
28 260 288
30 258 288
33 255 288
38 250 288
46 242 288
51 237 288
52 236 288
53 235 288
61 227 288
75 213 288
77 211 288
79 209 288
85 203 288
86 202 288
92 196 288
101 187 288
105 183 288
106 182 288
109 179 288
113 175 288
121 167 288
124 164 288
125 163 288
127 161 288
130 158 288
134 154 288
138 150 288
154 134 288
161 127 288
169 119 288
174 114 288
175 113 288
177 111 288
178 110 288
182 106 288
183 105 288
188 100 288
189 99 288
202 86 288
203 85 288
209 79 288
219 69 288
226 62 288
227 61 288
238 50 288
244 44 288
246 42 288
249 39 288
250 38 288
251 37 288
255 33 288
261 27 288
31
288 18 270
288 35 253
288 43 245
288 50 238
288 55 233
288 59 229
288 67 221
288 70 218
288 74 214
288 83 205
288 89 199
288 93 195
288 103 185
288 107 181
288 137 151
288 150 138
288 163 125
288 164 124
288 187 101
288 195 93
288 199 89
288 211 77
288 214 74
288 218 70
288 221 67
288 233 55
288 235 53
288 242 46
288 245 43
288 260 28
288 270 18
31
18 288 270
28 288 260
43 288 245
46 288 242
53 288 235
55 288 233
67 288 221
70 288 218
74 288 214
77 288 211
89 288 199
93 288 195
101 288 187
124 288 164
125 288 163
138 288 150
151 288 137
181 288 107
185 288 103
195 288 93
199 288 89
205 288 83
214 288 74
218 288 70
221 288 67
229 288 59
233 288 55
238 288 50
245 288 43
253 288 35
270 288 18
31
18 270 288
35 253 288
43 245 288
50 238 288
55 233 288
59 229 288
67 221 288
70 218 288
74 214 288
83 205 288
89 199 288
93 195 288
103 185 288
107 181 288
137 151 288
150 138 288
163 125 288
164 124 288
187 101 288
195 93 288
199 89 288
211 77 288
214 74 288
218 70 288
221 67 288
233 55 288
235 53 288
242 46 288
245 43 288
260 28 288
270 18 288
24
288 16 272
288 20 268
288 21 267
288 31 257
288 34 254
288 37 251
288 47 241
288 65 223
288 116 172
288 123 165
288 165 123
288 172 116
288 179 109
288 181 107
288 205 83
288 223 65
288 229 59
288 239 49
288 253 35
288 254 34
288 257 31
288 267 21
288 268 20
288 272 16
24
16 288 272
20 288 268
21 288 267
31 288 257
34 288 254
35 288 253
49 288 239
59 288 229
65 288 223
83 288 205
107 288 181
109 288 179
116 288 172
123 288 165
165 288 123
172 288 116
223 288 65
241 288 47
251 288 37
254 288 34
257 288 31
267 288 21
268 288 20
272 288 16
24
16 272 288
20 268 288
21 267 288
31 257 288
34 254 288
37 251 288
47 241 288
65 223 288
116 172 288
123 165 288
165 123 288
172 116 288
179 109 288
181 107 288
205 83 288
223 65 288
229 59 288
239 49 288
253 35 288
254 34 288
257 31 288
267 21 288
268 20 288
272 16 288
7
288 49 239
288 98 190
288 140 148
288 151 137
288 185 103
288 194 94
288 241 47
7
47 288 241
94 288 194
103 288 185
137 288 151
148 288 140
190 288 98
239 288 49
7
49 239 288
98 190 288
140 148 288
151 137 288
185 103 288
194 94 288
241 47 288
3
288 94 194
288 148 140
288 190 98
3
98 288 190
140 288 148
194 288 94
3
94 194 288
148 140 288
190 98 288
22
288 12 276
288 14 274
288 15 273
288 19 269
288 22 266
288 23 265
288 26 262
288 57 231
288 71 217
288 91 197
288 139 149
288 197 91
288 206 82
288 215 73
288 231 57
288 259 29
288 262 26
288 263 25
288 266 22
288 269 19
288 273 15
288 276 12
22
12 288 276
15 288 273
19 288 269
22 288 266
25 288 263
26 288 262
29 288 259
57 288 231
73 288 215
82 288 206
91 288 197
149 288 139
197 288 91
217 288 71
231 288 57
262 288 26
265 288 23
266 288 22
269 288 19
273 288 15
274 288 14
276 288 12
22
12 276 288
14 274 288
15 273 288
19 269 288
22 266 288
23 265 288
26 262 288
57 231 288
71 217 288
91 197 288
139 149 288
197 91 288
206 82 288
215 73 288
231 57 288
259 29 288
262 26 288
263 25 288
266 22 288
269 19 288
273 15 288
276 12 288
9
288 25 263
288 29 259
288 73 215
288 82 206
288 141 147
288 149 139
288 217 71
288 265 23
288 274 14
9
14 288 274
23 288 265
71 288 217
139 288 149
147 288 141
206 288 82
215 288 73
259 288 29
263 288 25
9
25 263 288
29 259 288
73 215 288
82 206 288
141 147 288
149 139 288
217 71 288
265 23 288
274 14 288
1
288 147 141
1
141 288 147
1
147 141 288
4
288 13 275
288 133 155
288 155 133
288 275 13
4
13 288 275
133 288 155
155 288 133
275 288 13
4
13 275 288
133 155 288
155 133 288
275 13 288
7
288 9 279
288 10 278
288 11 277
288 17 271
288 58 230
288 131 157
288 279 9
7
9 288 279
157 288 131
230 288 58
271 288 17
277 288 11
278 288 10
279 288 9
7
9 279 288
10 278 288
11 277 288
17 271 288
58 230 288
131 157 288
279 9 288
1
432 216 216
2
216 432 216
288 432 144
3
144 288 432
216 216 432
288 144 432
5
432 108 324
432 144 288
432 162 270
432 288 144
432 324 108
4
108 432 324
144 432 288
270 432 162
324 432 108
5
96 336 432
108 324 432
162 270 432
192 240 432
324 108 432
10
432 72 360
432 96 336
432 168 264
432 180 252
432 189 243
432 192 240
432 252 180
432 270 162
432 312 120
432 360 72
12
72 432 360
96 432 336
120 432 312
162 432 270
180 432 252
192 432 240
240 432 192
243 432 189
252 432 180
264 432 168
336 432 96
360 432 72
12
72 360 432
128 304 432
160 272 432
168 264 432
180 252 432
189 243 432
240 192 432
252 180 432
270 162 432
312 120 432
336 96 432
360 72 432
20
432 54 378
432 81 351
432 90 342
432 120 312
432 126 306
432 128 304
432 135 297
432 156 276
432 160 272
432 165 267
432 198 234
432 240 192
432 243 189
432 264 168
432 297 135
432 300 132
432 306 126
432 336 96
432 351 81
432 378 54
23
54 432 378
81 432 351
126 432 306
128 432 304
132 432 300
135 432 297
160 432 272
168 432 264
189 432 243
234 432 198
256 432 176
267 432 165
272 432 160
276 432 156
297 432 135
304 432 128
306 432 126
312 432 120
342 432 90
351 432 81
352 432 80
378 432 54
384 432 48
26
48 384 432
54 378 432
64 368 432
80 352 432
81 351 432
90 342 432
120 312 432
126 306 432
135 297 432
156 276 432
165 267 432
176 256 432
198 234 432
243 189 432
256 176 432
264 168 432
272 160 432
297 135 432
300 132 432
304 128 432
306 126 432
320 112 432
351 81 432
352 80 432
378 54 432
384 48 432
25
432 48 384
432 64 368
432 80 352
432 99 333
432 116 316
432 117 315
432 132 300
432 152 280
432 153 279
432 164 268
432 176 256
432 234 198
432 256 176
432 272 160
432 276 156
432 279 153
432 296 136
432 304 128
432 315 117
432 318 114
432 320 112
432 333 99
432 342 90
432 352 80
432 384 48
22
48 432 384
64 432 368
80 432 352
90 432 342
99 432 333
112 432 320
114 432 318
117 432 315
136 432 296
153 432 279
156 432 276
176 432 256
198 432 234
268 432 164
279 432 153
280 432 152
300 432 132
315 432 117
316 432 116
320 432 112
333 432 99
368 432 64
17
99 333 432
112 320 432
116 316 432
117 315 432
132 300 432
152 280 432
153 279 432
164 268 432
234 198 432
276 156 432
279 153 432
296 136 432
315 117 432
318 114 432
333 99 432
342 90 432
368 64 432
46
432 36 396
432 56 376
432 60 372
432 63 369
432 66 366
432 84 348
432 92 340
432 93 339
432 102 330
432 104 328
432 112 320
432 114 318
432 136 296
432 150 282
432 167 265
432 170 262
432 171 261
432 177 255
432 183 249
432 184 248
432 188 244
432 200 232
432 204 228
432 228 204
432 232 200
432 237 195
432 244 188
432 248 184
432 249 183
432 255 177
432 268 164
432 280 152
432 294 138
432 310 122
432 313 119
432 316 116
432 328 104
432 330 102
432 340 92
432 348 84
432 354 78
432 368 64
432 372 60
432 376 56
432 387 45
432 396 36
44
36 432 396
45 432 387
56 432 376
60 432 372
78 432 354
84 432 348
92 432 340
102 432 330
104 432 328
116 432 316
119 432 313
122 432 310
138 432 294
152 432 280
164 432 268
177 432 255
183 432 249
184 432 248
188 432 244
195 432 237
200 432 232
204 432 228
228 432 204
232 432 200
244 432 188
248 432 184
249 432 183
255 432 177
261 432 171
262 432 170
265 432 167
282 432 150
296 432 136
318 432 114
328 432 104
330 432 102
339 432 93
340 432 92
348 432 84
366 432 66
369 432 63
372 432 60
376 432 56
396 432 36
44
36 396 432
56 376 432
60 372 432
63 369 432
66 366 432
84 348 432
92 340 432
93 339 432
102 330 432
104 328 432
114 318 432
136 296 432
150 282 432
167 265 432
170 262 432
171 261 432
177 255 432
183 249 432
184 248 432
188 244 432
200 232 432
204 228 432
228 204 432
232 200 432
237 195 432
244 188 432
248 184 432
249 183 432
255 177 432
268 164 432
280 152 432
294 138 432
310 122 432
313 119 432
316 116 432
328 104 432
330 102 432
340 92 432
348 84 432
354 78 432
372 60 432
376 56 432
387 45 432
396 36 432
49
432 40 392
432 42 390
432 45 387
432 50 382
432 52 380
432 57 375
432 68 364
432 69 363
432 76 356
432 78 354
432 82 350
432 88 344
432 98 334
432 100 332
432 101 331
432 129 303
432 131 301
432 138 294
432 155 277
432 158 274
432 159 273
432 179 253
432 181 251
432 186 246
432 190 242
432 194 238
432 195 237
432 201 231
432 207 225
432 231 201
432 238 194
432 251 181
432 253 179
432 261 171
432 267 165
432 273 159
432 274 158
432 282 150
432 303 129
432 334 98
432 339 93
432 350 82
432 355 77
432 356 76
432 357 75
432 364 68
432 366 66
432 369 63
432 375 57
51
32 432 400
57 432 375
63 432 369
66 432 366
68 432 364
75 432 357
76 432 356
77 432 355
82 432 350
93 432 339
98 432 334
129 432 303
150 432 282
158 432 274
159 432 273
165 432 267
171 432 261
179 432 253
181 432 251
194 432 238
201 432 231
224 432 208
225 432 207
231 432 201
237 432 195
238 432 194
242 432 190
246 432 186
251 432 181
253 432 179
273 432 159
274 432 158
277 432 155
294 432 138
301 432 131
303 432 129
331 432 101
332 432 100
334 432 98
344 432 88
350 432 82
354 432 78
356 432 76
363 432 69
364 432 68
375 432 57
380 432 52
382 432 50
387 432 45
390 432 42
392 432 40
53
32 400 432
40 392 432
42 390 432
45 387 432
50 382 432
52 380 432
57 375 432
68 364 432
69 363 432
76 356 432
78 354 432
82 350 432
88 344 432
98 334 432
100 332 432
101 331 432
129 303 432
131 301 432
138 294 432
155 277 432
158 274 432
159 273 432
179 253 432
181 251 432
186 246 432
190 242 432
194 238 432
195 237 432
201 231 432
207 225 432
208 224 432
224 208 432
231 201 432
238 194 432
251 181 432
253 179 432
261 171 432
267 165 432
273 159 432
274 158 432
282 150 432
303 129 432
334 98 432
339 93 432
350 82 432
355 77 432
356 76 432
357 75 432
364 68 432
366 66 432
369 63 432
375 57 432
400 32 432
57
432 27 405
432 32 400
432 44 388
432 46 386
432 58 374
432 65 367
432 67 365
432 70 362
432 75 357
432 89 343
432 94 338
432 95 337
432 105 327
432 111 321
432 113 319
432 119 313
432 122 310
432 125 307
432 134 298
432 148 284
432 154 278
432 161 271
432 187 245
432 191 241
432 196 236
432 197 235
432 199 233
432 202 230
432 208 224
432 224 208
432 225 207
432 230 202
432 236 196
432 241 191
432 246 186
432 262 170
432 265 167
432 271 161
432 277 155
432 278 154
432 292 140
432 298 134
432 301 131
432 321 111
432 327 105
432 332 100
432 337 95
432 344 88
432 358 74
432 363 69
432 374 58
432 380 52
432 388 44
432 390 42
432 392 40
432 400 32
432 405 27
55
27 432 405
40 432 392
42 432 390
44 432 388
52 432 380
58 432 374
69 432 363
74 432 358
88 432 344
95 432 337
100 432 332
105 432 327
111 432 321
131 432 301
134 432 298
140 432 292
154 432 278
155 432 277
161 432 271
167 432 265
170 432 262
186 432 246
191 432 241
196 432 236
202 432 230
207 432 225
208 432 224
230 432 202
233 432 199
235 432 197
236 432 196
241 432 191
245 432 187
271 432 161
278 432 154
284 432 148
298 432 134
307 432 125
310 432 122
313 432 119
319 432 113
321 432 111
327 432 105
337 432 95
338 432 94
343 432 89
357 432 75
362 432 70
365 432 67
367 432 65
374 432 58
386 432 46
388 432 44
400 432 32
405 432 27
53
27 405 432
44 388 432
46 386 432
58 374 432
65 367 432
67 365 432
70 362 432
75 357 432
89 343 432
94 338 432
95 337 432
105 327 432
111 321 432
113 319 432
119 313 432
122 310 432
125 307 432
134 298 432
148 284 432
154 278 432
161 271 432
187 245 432
191 241 432
196 236 432
197 235 432
199 233 432
202 230 432
225 207 432
230 202 432
236 196 432
241 191 432
246 186 432
262 170 432
265 167 432
271 161 432
277 155 432
278 154 432
292 140 432
298 134 432
301 131 432
321 111 432
327 105 432
332 100 432
337 95 432
344 88 432
358 74 432
363 69 432
374 58 432
380 52 432
388 44 432
390 42 432
392 40 432
405 27 432
50
432 24 408
432 30 402
432 34 398
432 38 394
432 49 383
432 51 381
432 74 358
432 77 355
432 79 353
432 83 349
432 97 335
432 103 329
432 130 302
432 140 292
432 151 281
432 163 269
432 174 258
432 175 257
432 178 254
432 182 250
432 203 229
432 206 226
432 226 206
432 235 197
432 242 190
432 245 187
432 250 182
432 257 175
432 258 174
432 281 151
432 284 148
432 293 139
432 302 130
432 307 125
432 317 115
432 319 113
432 329 103
432 331 101
432 338 94
432 353 79
432 362 70
432 365 67
432 367 65
432 379 53
432 381 51
432 382 50
432 386 46
432 394 38
432 402 30
432 408 24
50
24 432 408
30 432 402
38 432 394
46 432 386
50 432 382
51 432 381
53 432 379
65 432 367
67 432 365
70 432 362
79 432 353
94 432 338
101 432 331
103 432 329
113 432 319
115 432 317
125 432 307
130 432 302
139 432 293
148 432 284
151 432 281
174 432 258
175 432 257
182 432 250
187 432 245
190 432 242
197 432 235
206 432 226
226 432 206
229 432 203
250 432 182
254 432 178
257 432 175
258 432 174
269 432 163
281 432 151
292 432 140
302 432 130
329 432 103
335 432 97
349 432 83
353 432 79
355 432 77
358 432 74
381 432 51
383 432 49
394 432 38
398 432 34
402 432 30
408 432 24
50
24 408 432
30 402 432
34 398 432
38 394 432
49 383 432
51 381 432
74 358 432
77 355 432
79 353 432
83 349 432
97 335 432
103 329 432
130 302 432
140 292 432
151 281 432
163 269 432
174 258 432
175 257 432
178 254 432
182 250 432
203 229 432
206 226 432
226 206 432
235 197 432
242 190 432
245 187 432
250 182 432
257 175 432
258 174 432
281 151 432
284 148 432
293 139 432
302 130 432
307 125 432
317 115 432
319 113 432
329 103 432
331 101 432
338 94 432
353 79 432
362 70 432
365 67 432
367 65 432
379 53 432
381 51 432
382 50 432
386 46 432
394 38 432
402 30 432
408 24 432
33
432 26 406
432 28 404
432 41 391
432 47 385
432 53 379
432 106 326
432 110 322
432 115 317
432 124 308
432 137 295
432 139 293
432 147 285
432 166 266
432 193 239
432 205 227
432 210 222
432 229 203
432 233 199
432 239 193
432 254 178
432 269 163
432 291 141
432 308 124
432 322 110
432 335 97
432 343 89
432 349 83
432 373 59
432 377 55
432 383 49
432 385 47
432 398 34
432 404 28
33
28 432 404
34 432 398
47 432 385
49 432 383
55 432 377
59 432 373
83 432 349
89 432 343
97 432 335
110 432 322
124 432 308
141 432 291
163 432 269
178 432 254
193 432 239
199 432 233
203 432 229
222 432 210
227 432 205
239 432 193
266 432 166
285 432 147
293 432 139
295 432 137
308 432 124
317 432 115
322 432 110
326 432 106
379 432 53
385 432 47
391 432 41
404 432 28
406 432 26
33
26 406 432
28 404 432
41 391 432
47 385 432
53 379 432
106 326 432
110 322 432
115 317 432
124 308 432
137 295 432
139 293 432
147 285 432
166 266 432
193 239 432
205 227 432
210 222 432
229 203 432
233 199 432
239 193 432
254 178 432
269 163 432
291 141 432
308 124 432
322 110 432
335 97 432
343 89 432
349 83 432
373 59 432
377 55 432
383 49 432
385 47 432
398 34 432
404 28 432
11
432 55 377
432 59 373
432 71 361
432 141 291
432 222 210
432 227 205
432 285 147
432 295 137
432 326 106
432 359 73
432 391 41
11
41 432 391
73 432 359
106 432 326
137 432 295
147 432 285
205 432 227
210 432 222
291 432 141
361 432 71
373 432 59
377 432 55
11
55 377 432
59 373 432
71 361 432
141 291 432
222 210 432
227 205 432
285 147 432
295 137 432
326 106 432
359 73 432
391 41 432
24
432 18 414
432 21 411
432 23 409
432 33 399
432 39 393
432 61 371
432 73 359
432 85 347
432 169 263
432 172 260
432 266 166
432 309 123
432 311 121
432 314 118
432 347 85
432 361 71
432 371 61
432 393 39
432 399 33
432 406 26
432 407 25
432 410 22
432 412 20
432 414 18
24
18 432 414
20 432 412
22 432 410
25 432 407
26 432 406
33 432 399
39 432 393
61 432 371
71 432 361
85 432 347
118 432 314
121 432 311
123 432 309
166 432 266
260 432 172
263 432 169
347 432 85
359 432 73
371 432 61
393 432 39
399 432 33
409 432 23
411 432 21
414 432 18
24
18 414 432
21 411 432
23 409 432
33 399 432
39 393 432
61 371 432
73 359 432
85 347 432
169 263 432
172 260 432
266 166 432
309 123 432
311 121 432
314 118 432
347 85 432
361 71 432
371 61 432
393 39 432
399 33 432
406 26 432
407 25 432
410 22 432
412 20 432
414 18 432
16
432 20 412
432 22 410
432 25 407
432 29 403
432 35 397
432 37 395
432 118 314
432 121 311
432 123 309
432 149 283
432 260 172
432 283 149
432 395 37
432 397 35
432 403 29
432 411 21
17
21 432 411
29 432 403
35 432 397
37 432 395
149 432 283
172 432 260
283 432 149
309 432 123
311 432 121
314 432 118
395 432 37
397 432 35
403 432 29
407 432 25
410 432 22
412 432 20
416 432 16
18
16 416 432
20 412 432
22 410 432
25 407 432
29 403 432
35 397 432
37 395 432
118 314 432
121 311 432
123 309 432
149 283 432
260 172 432
283 149 432
395 37 432
397 35 432
403 29 432
411 21 432
416 16 432
6
432 16 416
432 146 286
432 263 169
432 290 142
432 409 23
432 416 16
5
16 432 416
23 432 409
142 432 290
169 432 263
286 432 146
4
146 286 432
263 169 432
290 142 432
409 23 432
12
432 19 413
432 31 401
432 91 341
432 142 290
432 209 223
432 212 220
432 220 212
432 223 209
432 286 146
432 341 91
432 401 31
432 413 19
12
19 432 413
31 432 401
91 432 341
146 432 286
209 432 223
212 432 220
220 432 212
223 432 209
290 432 142
341 432 91
401 432 31
413 432 19
12
19 413 432
31 401 432
91 341 432
142 290 432
209 223 432
212 220 432
220 212 432
223 209 432
286 146 432
341 91 432
401 31 432
413 19 432
8
432 15 417
432 17 415
432 43 389
432 87 345
432 127 305
432 211 221
432 305 127
432 415 17
8
17 432 415
127 432 305
221 432 211
305 432 127
345 432 87
389 432 43
415 432 17
417 432 15
8
15 417 432
17 415 432
43 389 432
87 345 432
127 305 432
211 221 432
305 127 432
415 17 432
8
432 107 325
432 109 323
432 221 211
432 323 109
432 325 107
432 345 87
432 389 43
432 417 15
8
15 432 417
43 432 389
87 432 345
107 432 325
109 432 323
211 432 221
323 432 109
325 432 107
8
107 325 432
109 323 432
221 211 432
323 109 432
325 107 432
345 87 432
389 43 432
417 15 432
4
432 12 420
432 14 418
432 62 370
432 420 12
4
12 432 420
370 432 62
418 432 14
420 432 12
4
12 420 432
14 418 432
62 370 432
420 12 432
3
432 213 219
432 370 62
432 418 14
3
14 432 418
62 432 370
219 432 213
3
213 219 432
370 62 432
418 14 432
5
432 13 419
432 133 299
432 219 213
432 299 133
432 419 13
5
13 432 419
133 432 299
213 432 219
299 432 133
419 432 13
5
13 419 432
133 299 432
219 213 432
299 133 432
419 13 432
0
0
0
2
432 157 275
432 421 11
2
11 432 421
275 432 157
2
157 275 432
421 11 432
2
432 11 421
432 275 157
2
157 432 275
421 432 11
2
11 421 432
275 157 432
6
432 9 423
432 10 422
432 86 346
432 346 86
432 422 10
432 423 9
6
9 432 423
10 432 422
86 432 346
346 432 86
422 432 10
423 432 9
6
9 423 432
10 422 432
86 346 432
346 86 432
422 10 432
423 9 432
1
576 288 288
2
288 576 288
384 576 192
3
192 384 576
288 288 576
384 192 576
5
576 144 432
576 192 384
576 216 360
576 384 192
576 432 144
4
144 576 432
192 576 384
360 576 216
432 576 144
5
128 448 576
144 432 576
216 360 576
256 320 576
432 144 576
10
576 96 480
576 128 448
576 224 352
576 240 336
576 252 324
576 256 320
576 336 240
576 360 216
576 416 160
576 480 96
12
96 576 480
128 576 448
160 576 416
216 576 360
240 576 336
256 576 320
320 576 256
324 576 252
336 576 240
352 576 224
448 576 128
480 576 96
10
96 480 576
224 352 576
240 336 576
252 324 576
320 256 576
336 240 576
360 216 576
416 160 576
448 128 576
480 96 576
22
576 72 504
576 108 468
576 120 456
576 126 450
576 160 416
576 168 408
576 180 396
576 207 369
576 208 368
576 220 356
576 225 351
576 264 312
576 320 256
576 324 252
576 352 224
576 396 180
576 400 176
576 408 168
576 414 162
576 448 128
576 468 108
576 504 72
21
72 576 504
108 576 468
162 576 414
168 576 408
176 576 400
180 576 396
224 576 352
252 576 324
312 576 264
351 576 225
356 576 220
368 576 208
369 576 207
396 576 180
408 576 168
416 576 160
450 576 126
456 576 120
468 576 108
504 576 72
512 576 64
22
64 512 576
72 504 576
108 468 576
120 456 576
126 450 576
160 416 576
168 408 576
180 396 576
207 369 576
208 368 576
220 356 576
225 351 576
264 312 576
324 252 576
352 224 576
396 180 576
400 176 576
408 168 576
414 162 576
468 108 576
504 72 576
512 64 576
28
576 64 512
576 90 486
576 132 444
576 135 441
576 156 420
576 162 414
576 171 405
576 176 400
576 204 372
576 213 363
576 219 357
576 234 342
576 243 333
576 270 306
576 312 264
576 333 243
576 342 234
576 368 208
576 372 204
576 405 171
576 420 156
576 423 153
576 424 152
576 444 132
576 450 126
576 456 120
576 486 90
576 512 64
27
64 576 512
90 576 486
120 576 456
126 576 450
132 576 444
152 576 424
153 576 423
156 576 420
171 576 405
204 576 372
208 576 368
234 576 342
243 576 333
264 576 312
306 576 270
333 576 243
342 576 234
357 576 219
363 576 213
372 576 204
400 576 176
405 576 171
414 576 162
420 576 156
441 576 135
444 576 132
486 576 90
26
90 486 576
132 444 576
135 441 576
156 420 576
162 414 576
171 405 576
176 400 576
204 372 576
213 363 576
219 357 576
234 342 576
243 333 576
270 306 576
312 264 576
333 243 576
342 234 576
368 208 576
372 204 576
405 171 576
420 156 576
423 153 576
424 152 576
444 132 576
450 126 576
456 120 576
486 90 576
48
576 48 528
576 54 522
576 78 498
576 80 496
576 84 492
576 87 489
576 88 488
576 99 477
576 112 464
576 124 452
576 136 440
576 138 438
576 152 424
576 153 423
576 174 402
576 198 378
576 200 376
576 222 354
576 228 348
576 236 340
576 238 338
576 244 332
576 258 318
576 261 315
576 272 304
576 304 272
576 306 270
576 315 261
576 316 260
576 318 258
576 332 244
576 334 242
576 340 236
576 351 225
576 369 207
576 392 184
576 402 174
576 417 159
576 426 150
576 440 136
576 441 135
576 464 112
576 472 104
576 474 102
576 477 99
576 496 80
576 516 60
576 528 48
48
48 576 528
60 576 516
80 576 496
99 576 477
102 576 474
104 576 472
112 576 464
135 576 441
136 576 440
150 576 426
159 576 417
174 576 402
184 576 392
207 576 369
225 576 351
236 576 340
242 576 334
244 576 332
258 576 318
260 576 316
261 576 315
270 576 306
272 576 304
304 576 272
315 576 261
318 576 258
332 576 244
338 576 238
340 576 236
348 576 228
354 576 222
376 576 200
378 576 198
402 576 174
423 576 153
424 576 152
438 576 138
440 576 136
452 576 124
464 576 112
477 576 99
488 576 88
489 576 87
492 576 84
496 576 80
498 576 78
522 576 54
528 576 48
48
48 528 576
54 522 576
78 498 576
80 496 576
84 492 576
87 489 576
88 488 576
99 477 576
112 464 576
124 452 576
136 440 576
138 438 576
152 424 576
153 423 576
174 402 576
198 378 576
200 376 576
222 354 576
228 348 576
236 340 576
238 338 576
244 332 576
258 318 576
261 315 576
272 304 576
304 272 576
306 270 576
315 261 576
316 260 576
318 258 576
332 244 576
334 242 576
340 236 576
351 225 576
369 207 576
392 184 576
402 174 576
417 159 576
426 150 576
440 136 576
441 135 576
464 112 576
472 104 576
474 102 576
477 99 576
496 80 576
516 60 576
528 48 576
71
576 56 520
576 60 516
576 66 510
576 76 500
576 92 484
576 102 474
576 104 472
576 106 470
576 107 469
576 122 454
576 123 453
576 125 451
576 129 447
576 150 426
576 154 422
576 158 418
576 170 406
576 172 404
576 183 393
576 184 392
576 201 375
576 202 374
576 210 366
576 212 364
576 218 358
576 221 355
576 226 350
576 235 341
576 239 337
576 242 334
576 248 328
576 249 327
576 250 326
576 253 323
576 254 322
576 255 321
576 260 316
576 267 309
576 268 308
576 276 300
576 308 268
576 322 254
576 331 245
576 335 241
576 338 238
576 348 228
576 350 226
576 354 222
576 356 220
576 357 219
576 363 213
576 364 212
576 366 210
576 376 200
576 378 198
576 404 172
576 406 170
576 415 161
576 418 158
576 438 138
576 452 124
576 454 122
576 465 111
576 476 100
576 488 88
576 492 84
576 498 78
576 500 76
576 502 74
576 510 66
576 522 54
71
54 576 522
66 576 510
74 576 502
76 576 500
78 576 498
84 576 492
88 576 488
100 576 476
111 576 465
122 576 454
124 576 452
138 576 438
158 576 418
161 576 415
170 576 406
172 576 404
198 576 378
200 576 376
210 576 366
212 576 364
213 576 363
219 576 357
220 576 356
222 576 354
226 576 350
228 576 348
238 576 338
241 576 335
245 576 331
254 576 322
268 576 308
300 576 276
308 576 268
309 576 267
316 576 260
321 576 255
322 576 254
323 576 253
326 576 250
327 576 249
328 576 248
334 576 242
337 576 239
341 576 235
350 576 226
355 576 221
358 576 218
364 576 212
366 576 210
374 576 202
375 576 201
392 576 184
393 576 183
404 576 172
406 576 170
418 576 158
422 576 154
426 576 150
447 576 129
451 576 125
453 576 123
454 576 122
469 576 107
470 576 106
472 576 104
474 576 102
484 576 92
500 576 76
510 576 66
516 576 60
520 576 56
71
56 520 576
60 516 576
66 510 576
76 500 576
92 484 576
102 474 576
104 472 576
106 470 576
107 469 576
122 454 576
123 453 576
125 451 576
129 447 576
150 426 576
154 422 576
158 418 576
170 406 576
172 404 576
183 393 576
184 392 576
201 375 576
202 374 576
210 366 576
212 364 576
218 358 576
221 355 576
226 350 576
235 341 576
239 337 576
242 334 576
248 328 576
249 327 576
250 326 576
253 323 576
254 322 576
255 321 576
260 316 576
267 309 576
268 308 576
276 300 576
308 268 576
322 254 576
331 245 576
335 241 576
338 238 576
348 228 576
350 226 576
354 222 576
356 220 576
357 219 576
363 213 576
364 212 576
366 210 576
376 200 576
378 198 576
404 172 576
406 170 576
415 161 576
418 158 576
438 138 576
452 124 576
454 122 576
465 111 576
476 100 576
488 88 576
492 84 576
498 78 576
500 76 576
502 74 576
510 66 576
522 54 576
71
576 36 540
576 45 531
576 63 513
576 70 506
576 81 495
576 86 490
576 93 483
576 100 476
576 101 475
576 110 466
576 111 465
576 117 459
576 118 458
576 119 457
576 121 455
576 134 442
576 140 436
576 148 428
576 159 417
576 161 415
576 166 410
576 167 409
576 169 407
576 178 398
576 179 397
576 186 390
576 206 370
576 211 365
576 214 362
576 215 361
576 217 359
576 241 335
576 251 325
576 263 313
576 265 311
576 274 302
576 300 276
576 309 267
576 321 255
576 325 251
576 326 250
576 327 249
576 328 248
576 337 239
576 365 211
576 374 202
576 375 201
576 390 186
576 393 183
576 397 179
576 398 178
576 407 169
576 409 167
576 422 154
576 425 151
576 428 148
576 436 140
576 442 134
576 447 129
576 453 123
576 466 110
576 470 106
576 473 103
576 475 101
576 484 92
576 489 87
576 490 86
576 495 81
576 513 63
576 520 56
576 540 36
71
36 576 540
56 576 520
63 576 513
81 576 495
86 576 490
87 576 489
92 576 484
101 576 475
103 576 473
106 576 470
110 576 466
123 576 453
129 576 447
134 576 442
140 576 436
148 576 428
151 576 425
154 576 422
167 576 409
169 576 407
178 576 398
179 576 397
183 576 393
186 576 390
201 576 375
202 576 374
211 576 365
239 576 337
248 576 328
249 576 327
250 576 326
251 576 325
255 576 321
267 576 309
276 576 300
302 576 274
311 576 265
313 576 263
325 576 251
335 576 241
359 576 217
361 576 215
362 576 214
365 576 211
370 576 206
390 576 186
397 576 179
398 576 178
407 576 169
409 576 167
410 576 166
415 576 161
417 576 159
428 576 148
436 576 140
442 576 134
455 576 121
457 576 119
458 576 118
459 576 117
465 576 111
466 576 110
475 576 101
476 576 100
483 576 93
490 576 86
495 576 81
506 576 70
513 576 63
531 576 45
540 576 36
71
36 540 576
45 531 576
63 513 576
70 506 576
81 495 576
86 490 576
93 483 576
100 476 576
101 475 576
110 466 576
111 465 576
117 459 576
118 458 576
119 457 576
121 455 576
134 442 576
140 436 576
148 428 576
159 417 576
161 415 576
166 410 576
167 409 576
169 407 576
178 398 576
179 397 576
186 390 576
206 370 576
211 365 576
214 362 576
215 361 576
217 359 576
241 335 576
251 325 576
263 313 576
265 311 576
274 302 576
300 276 576
309 267 576
321 255 576
325 251 576
326 250 576
327 249 576
328 248 576
337 239 576
365 211 576
374 202 576
375 201 576
390 186 576
393 183 576
397 179 576
398 178 576
407 169 576
409 167 576
422 154 576
425 151 576
428 148 576
436 140 576
442 134 576
447 129 576
453 123 576
466 110 576
470 106 576
473 103 576
475 101 576
484 92 576
489 87 576
490 86 576
495 81 576
513 63 576
520 56 576
540 36 576
60
576 32 544
576 40 536
576 42 534
576 51 525
576 62 514
576 68 508
576 69 507
576 74 502
576 75 501
576 79 497
576 94 482
576 103 473
576 127 449
576 130 446
576 141 435
576 149 427
576 151 425
576 175 401
576 203 373
576 227 349
576 232 344
576 237 339
576 245 331
576 246 330
576 259 317
576 279 297
576 317 259
576 323 253
576 330 246
576 339 237
576 341 235
576 344 232
576 349 227
576 355 221
576 358 218
576 362 214
576 373 203
576 401 175
576 410 166
576 427 149
576 429 147
576 446 130
576 449 127
576 451 125
576 458 118
576 459 117
576 469 107
576 478 98
576 483 93
576 497 79
576 501 75
576 506 70
576 507 69
576 508 68
576 514 62
576 525 51
576 531 45
576 534 42
576 536 40
576 544 32
60
32 576 544
40 576 536
42 576 534
45 576 531
51 576 525
62 576 514
68 576 508
69 576 507
70 576 506
75 576 501
79 576 497
93 576 483
98 576 478
107 576 469
117 576 459
118 576 458
125 576 451
127 576 449
130 576 446
147 576 429
149 576 427
166 576 410
175 576 401
203 576 373
214 576 362
218 576 358
221 576 355
227 576 349
232 576 344
235 576 341
237 576 339
246 576 330
253 576 323
259 576 317
297 576 279
317 576 259
330 576 246
331 576 245
339 576 237
344 576 232
349 576 227
373 576 203
401 576 175
425 576 151
427 576 149
435 576 141
446 576 130
449 576 127
473 576 103
482 576 94
497 576 79
501 576 75
502 576 74
507 576 69
508 576 68
514 576 62
525 576 51
534 576 42
536 576 40
544 576 32
60
32 544 576
40 536 576
42 534 576
51 525 576
62 514 576
68 508 576
69 507 576
74 502 576
75 501 576
79 497 576
94 482 576
103 473 576
127 449 576
130 446 576
141 435 576
149 427 576
151 425 576
175 401 576
203 373 576
227 349 576
232 344 576
237 339 576
245 331 576
246 330 576
259 317 576
279 297 576
317 259 576
323 253 576
330 246 576
339 237 576
341 235 576
344 232 576
349 227 576
355 221 576
358 218 576
362 214 576
373 203 576
401 175 576
410 166 576
427 149 576
429 147 576
446 130 576
449 127 576
451 125 576
458 118 576
459 117 576
469 107 576
478 98 576
483 93 576
497 79 576
501 75 576
506 70 576
507 69 576
508 68 576
514 62 576
525 51 576
531 45 576
534 42 576
536 40 576
544 32 576
42
576 39 537
576 57 519
576 59 517
576 61 515
576 65 511
576 85 491
576 89 487
576 98 478
576 113 463
576 137 439
576 147 429
576 155 421
576 185 391
576 196 380
576 205 371
576 209 367
576 233 343
576 257 319
576 273 303
576 275 301
576 280 296
576 297 279
576 301 275
576 302 274
576 311 265
576 313 263
576 343 233
576 359 217
576 361 215
576 370 206
576 371 205
576 388 188
576 391 185
576 399 177
576 421 155
576 435 141
576 439 137
576 455 121
576 457 119
576 482 94
576 487 89
576 517 59
42
59 576 517
89 576 487
94 576 482
119 576 457
121 576 455
137 576 439
141 576 435
155 576 421
177 576 399
185 576 391
188 576 388
205 576 371
206 576 370
215 576 361
217 576 359
233 576 343
263 576 313
265 576 311
274 576 302
275 576 301
279 576 297
296 576 280
301 576 275
303 576 273
319 576 257
343 576 233
367 576 209
371 576 205
380 576 196
391 576 185
421 576 155
429 576 147
439 576 137
463 576 113
478 576 98
487 576 89
491 576 85
511 576 65
515 576 61
517 576 59
519 576 57
537 576 39
42
39 537 576
57 519 576
59 517 576
61 515 576
65 511 576
85 491 576
89 487 576
98 478 576
113 463 576
137 439 576
147 429 576
155 421 576
185 391 576
196 380 576
205 371 576
209 367 576
233 343 576
257 319 576
273 303 576
275 301 576
280 296 576
297 279 576
301 275 576
302 274 576
311 265 576
313 263 576
343 233 576
359 217 576
361 215 576
370 206 576
371 205 576
388 188 576
391 185 576
399 177 576
421 155 576
435 141 576
439 137 576
455 121 576
457 119 576
482 94 576
487 89 576
517 59 576
23
576 53 523
576 55 521
576 131 445
576 163 413
576 177 399
576 188 388
576 199 377
576 277 299
576 296 280
576 299 277
576 303 273
576 319 257
576 367 209
576 380 196
576 413 163
576 445 131
576 463 113
576 491 85
576 511 65
576 515 61
576 519 57
576 523 53
576 537 39
23
39 576 537
53 576 523
57 576 519
61 576 515
65 576 511
85 576 491
113 576 463
131 576 445
163 576 413
196 576 380
209 576 367
257 576 319
273 576 303
277 576 299
280 576 296
299 576 277
377 576 199
388 576 188
399 576 177
413 576 163
445 576 131
521 576 55
523 576 53
23
53 523 576
55 521 576
131 445 576
163 413 576
177 399 576
188 388 576
199 377 576
277 299 576
296 280 576
299 277 576
303 273 576
319 257 576
367 209 576
380 196 576
413 163 576
445 131 576
463 113 576
491 85 576
511 65 576
515 61 576
519 57 576
523 53 576
537 39 576
50
576 24 552
576 27 549
576 28 548
576 30 546
576 33 543
576 38 538
576 43 533
576 44 532
576 46 530
576 52 524
576 67 509
576 71 505
576 73 503
576 77 499
576 83 493
576 105 471
576 114 462
576 142 434
576 182 394
576 187 389
576 189 387
576 197 379
576 229 347
576 269 307
576 278 298
576 307 269
576 377 199
576 379 197
576 387 189
576 389 187
576 394 182
576 412 164
576 430 146
576 462 114
576 467 109
576 471 105
576 499 77
576 503 73
576 505 71
576 518 58
576 521 55
576 524 52
576 526 50
576 532 44
576 538 38
576 539 37
576 543 33
576 546 30
576 549 27
576 552 24
50
24 576 552
27 576 549
30 576 546
33 576 543
37 576 539
38 576 538
44 576 532
50 576 526
52 576 524
55 576 521
58 576 518
71 576 505
73 576 503
77 576 499
105 576 471
109 576 467
114 576 462
146 576 430
164 576 412
182 576 394
187 576 389
189 576 387
197 576 379
199 576 377
269 576 307
298 576 278
307 576 269
347 576 229
379 576 197
387 576 189
389 576 187
394 576 182
434 576 142
462 576 114
471 576 105
493 576 83
499 576 77
503 576 73
505 576 71
509 576 67
524 576 52
530 576 46
532 576 44
533 576 43
538 576 38
543 576 33
546 576 30
548 576 28
549 576 27
552 576 24
50
24 552 576
27 549 576
28 548 576
30 546 576
33 543 576
38 538 576
43 533 576
44 532 576
46 530 576
52 524 576
67 509 576
71 505 576
73 503 576
77 499 576
83 493 576
105 471 576
114 462 576
142 434 576
182 394 576
187 389 576
189 387 576
197 379 576
229 347 576
269 307 576
278 298 576
307 269 576
377 199 576
379 197 576
387 189 576
389 187 576
394 182 576
412 164 576
430 146 576
462 114 576
467 109 576
471 105 576
499 77 576
503 73 576
505 71 576
518 58 576
521 55 576
524 52 576
526 50 576
532 44 576
538 38 576
539 37 576
543 33 576
546 30 576
549 27 576
552 24 576
27
576 31 545
576 35 541
576 37 539
576 47 529
576 50 526
576 58 518
576 95 481
576 109 467
576 146 430
576 164 412
576 181 395
576 195 381
576 223 353
576 282 294
576 298 278
576 353 223
576 381 195
576 395 181
576 434 142
576 479 97
576 509 67
576 527 49
576 530 46
576 533 43
576 541 35
576 545 31
576 548 28
27
28 576 548
31 576 545
35 576 541
43 576 533
46 576 530
49 576 527
67 576 509
97 576 479
142 576 434
181 576 395
195 576 381
223 576 353
278 576 298
294 576 282
353 576 223
381 576 195
395 576 181
412 576 164
430 576 146
467 576 109
481 576 95
518 576 58
526 576 50
529 576 47
539 576 37
541 576 35
545 576 31
27
31 545 576
35 541 576
37 539 576
47 529 576
50 526 576
58 518 576
95 481 576
109 467 576
146 430 576
164 412 576
181 395 576
195 381 576
223 353 576
282 294 576
298 278 576
353 223 576
381 195 576
395 181 576
434 142 576
479 97 576
509 67 576
527 49 576
530 46 576
533 43 576
541 35 576
545 31 576
548 28 576
7
576 49 527
576 97 479
576 294 282
576 347 229
576 481 95
576 493 83
576 529 47
7
47 576 529
83 576 493
95 576 481
229 576 347
282 576 294
479 576 97
527 576 49
7
49 527 576
97 479 576
294 282 576
347 229 576
481 95 576
493 83 576
529 47 576
8
576 26 550
576 29 547
576 139 437
576 266 310
576 310 266
576 437 139
576 547 29
576 550 26
8
26 576 550
29 576 547
139 576 437
266 576 310
310 576 266
437 576 139
547 576 29
550 576 26
8
26 550 576
29 547 576
139 437 576
266 310 576
310 266 576
437 139 576
547 29 576
550 26 576
11
576 18 558
576 20 556
576 21 555
576 22 554
576 34 542
576 116 460
576 165 411
576 262 314
576 411 165
576 555 21
576 558 18
11
18 576 558
21 576 555
165 576 411
314 576 262
411 576 165
460 576 116
542 576 34
554 576 22
555 576 21
556 576 20
558 576 18
11
18 558 576
20 556 576
21 555 576
22 554 576
34 542 576
116 460 576
165 411 576
262 314 576
411 165 576
555 21 576
558 18 576
5
