26
164 20736 20572
173 20736 20563
182 20736 20554
553 20736 20183
1121 20736 19615
2966 20736 17770
3299 20736 17437
3418 20736 17318
5173 20736 15563
5921 20736 14815
6930 20736 13806
6933 20736 13803
6937 20736 13799
8288 20736 12448
8301 20736 12435
10783 20736 9953
12449 20736 8287
12644 20736 8092
13197 20736 7539
13842 20736 6894
16421 20736 4315
17318 20736 3418
19142 20736 1594
19749 20736 987
20554 20736 182
20576 20736 160
26
160 20576 20736
182 20554 20736
987 19749 20736
1594 19142 20736
3418 17318 20736
4315 16421 20736
6894 13842 20736
7539 13197 20736
8092 12644 20736
8287 12449 20736
9953 10783 20736
12435 8301 20736
12448 8288 20736
13799 6937 20736
13803 6933 20736
13806 6930 20736
14815 5921 20736
15563 5173 20736
17318 3418 20736
17437 3299 20736
17770 2966 20736
19615 1121 20736
20183 553 20736
20554 182 20736
20563 173 20736
20572 164 20736
18
20736 164 20572
20736 169 20567
20736 173 20563
20736 601 20135
20736 1121 19615
20736 6503 14233
20736 6935 13801
20736 8301 12435
20736 10415 10321
20736 12449 8287
20736 12644 8092
20736 13197 7539
20736 13418 7318
20736 14233 6503
20736 16421 4315
20736 16582 4154
20736 19633 1103
20736 20567 169
18
169 20736 20567
1103 20736 19633
4154 20736 16582
4315 20736 16421
6503 20736 14233
7318 20736 13418
7539 20736 13197
8092 20736 12644
8287 20736 12449
10321 20736 10415
12435 20736 8301
13801 20736 6935
14233 20736 6503
19615 20736 1121
20135 20736 601
20563 20736 173
20567 20736 169
20572 20736 164
18
164 20572 20736
169 20567 20736
173 20563 20736
601 20135 20736
1121 19615 20736
6503 14233 20736
6935 13801 20736
8301 12435 20736
10415 10321 20736
12449 8287 20736
12644 8092 20736
13197 7539 20736
13418 7318 20736
14233 6503 20736
16421 4315 20736
16582 4154 20736
19633 1103 20736
20567 169 20736
18
20736 1482 19254
20736 1819 18917
20736 4606 16130
20736 5195 15541
20736 5921 14815
20736 6931 13805
20736 7069 13667
20736 9214 11522
20736 10326 10410
20736 10410 10326
20736 10783 9953
20736 11518 9218
20736 13667 7069
20736 13805 6931
20736 15541 5195
20736 16126 4610
20736 18917 1819
20736 19254 1482
18
1482 20736 19254
1819 20736 18917
4610 20736 16126
5195 20736 15541
6931 20736 13805
7069 20736 13667
9218 20736 11518
9953 20736 10783
10326 20736 10410
10410 20736 10326
11522 20736 9214
13667 20736 7069
13805 20736 6931
14815 20736 5921
15541 20736 5195
16130 20736 4606
18917 20736 1819
19254 20736 1482
18
1482 19254 20736
1819 18917 20736
4606 16130 20736
5195 15541 20736
5921 14815 20736
6931 13805 20736
7069 13667 20736
9214 11522 20736
10326 10410 20736
10410 10326 20736
10783 9953 20736
11518 9218 20736
13667 7069 20736
13805 6931 20736
15541 5195 20736
16126 4610 20736
18917 1819 20736
19254 1482 20736
16
20736 159 20577
20736 2072 18664
20736 4610 16126
20736 4695 16041
20736 5093 15643
20736 5194 15542
20736 6893 13843
20736 7258 13478
20736 9218 11518
20736 10328 10408
20736 11522 9214
20736 13801 6935
20736 16041 4695
20736 16130 4606
20736 20135 601
20736 20577 159
16
159 20736 20577
601 20736 20135
4606 20736 16130
4695 20736 16041
6935 20736 13801
9214 20736 11522
10408 20736 10328
11518 20736 9218
13478 20736 7258
13843 20736 6893
15542 20736 5194
15643 20736 5093
16041 20736 4695
16126 20736 4610
18664 20736 2072
20577 20736 159
16
159 20577 20736
2072 18664 20736
4610 16126 20736
4695 16041 20736
5093 15643 20736
5194 15542 20736
6893 13843 20736
7258 13478 20736
9218 11518 20736
10328 10408 20736
11522 9214 20736
13801 6935 20736
16041 4695 20736
16130 4606 20736
20135 601 20736
20577 159 20736
22
20736 152 20584
20736 161 20575
20736 166 20570
20736 2998 17738
20736 3110 17626
20736 5023 15713
20736 5174 15562
20736 5583 15153
20736 7640 13096
20736 10329 10407
20736 10407 10329
20736 10408 10328
20736 13478 7258
20736 13843 6893
20736 15153 5583
20736 15542 5194
20736 15562 5174
20736 15643 5093
20736 17626 3110
20736 17738 2998
20736 18664 2072
20736 20570 166
22
166 20736 20570
2072 20736 18664
2998 20736 17738
3110 20736 17626
5093 20736 15643
5174 20736 15562
5194 20736 15542
5583 20736 15153
6893 20736 13843
7258 20736 13478
10328 20736 10408
10329 20736 10407
10407 20736 10329
13096 20736 7640
15153 20736 5583
15562 20736 5174
15713 20736 5023
17626 20736 3110
17738 20736 2998
20570 20736 166
20575 20736 161
20584 20736 152
22
152 20584 20736
161 20575 20736
166 20570 20736
2998 17738 20736
3110 17626 20736
5023 15713 20736
5174 15562 20736
5583 15153 20736
7640 13096 20736
10329 10407 20736
10407 10329 20736
10408 10328 20736
13478 7258 20736
13843 6893 20736
15153 5583 20736
15542 5194 20736
15562 5174 20736
15643 5093 20736
17626 3110 20736
17738 2998 20736
18664 2072 20736
20570 166 20736
36
20736 144 20592
20736 154 20582
20736 156 20580
20736 158 20578
20736 163 20573
20736 244 20492
20736 284 20452
20736 286 20450
20736 292 20444
20736 340 20396
20736 1596 19140
20736 2306 18430
20736 2439 18297
20736 2959 17777
20736 4099 16637
20736 6562 14174
20736 8890 11846
20736 10325 10411
20736 10411 10325
20736 13096 7640
20736 14174 6562
20736 15082 5654
20736 15251 5485
20736 15350 5386
20736 16637 4099
20736 18031 2705
20736 18434 2302
20736 18955 1781
20736 20444 292
20736 20446 290
20736 20452 284
20736 20578 158
20736 20581 155
20736 20583 153
20736 20584 152
20736 20592 144
36
144 20736 20592
152 20736 20584
153 20736 20583
155 20736 20581
158 20736 20578
284 20736 20452
290 20736 20446
292 20736 20444
1781 20736 18955
2302 20736 18434
2705 20736 18031
4099 20736 16637
5386 20736 15350
5485 20736 15251
5654 20736 15082
6562 20736 14174
7640 20736 13096
10325 20736 10411
10411 20736 10325
11846 20736 8890
14174 20736 6562
16637 20736 4099
17777 20736 2959
18297 20736 2439
18430 20736 2306
19140 20736 1596
20396 20736 340
20444 20736 292
20450 20736 286
20452 20736 284
20492 20736 244
20573 20736 163
20578 20736 158
20580 20736 156
20582 20736 154
20592 20736 144
36
144 20592 20736
154 20582 20736
156 20580 20736
158 20578 20736
163 20573 20736
244 20492 20736
284 20452 20736
286 20450 20736
292 20444 20736
340 20396 20736
1596 19140 20736
2306 18430 20736
2439 18297 20736
2959 17777 20736
4099 16637 20736
6562 14174 20736
8890 11846 20736
10325 10411 20736
10411 10325 20736
13096 7640 20736
14174 6562 20736
15082 5654 20736
15251 5485 20736
15350 5386 20736
16637 4099 20736
18031 2705 20736
18434 2302 20736
18955 1781 20736
20444 292 20736
20446 290 20736
20452 284 20736
20578 158 20736
20581 155 20736
20583 153 20736
20584 152 20736
20592 144 20736
33
20736 153 20583
20736 165 20571
20736 287 20449
20736 290 20446
20736 1131 19605
20736 1781 18955
20736 2302 18434
20736 2705 18031
20736 4141 16595
20736 5167 15569
20736 5654 15082
20736 8027 12709
20736 10327 10409
20736 10332 10404
20736 11846 8890
20736 12391 8345
20736 12709 8027
20736 15713 5023
20736 16595 4141
20736 17777 2959
20736 18297 2439
20736 18430 2306
20736 19140 1596
20736 19605 1131
20736 20396 340
20736 20431 305
20736 20447 289
20736 20450 286
20736 20492 244
20736 20571 165
20736 20573 163
20736 20575 161
20736 20580 156
33
156 20736 20580
161 20736 20575
163 20736 20573
165 20736 20571
244 20736 20492
286 20736 20450
289 20736 20447
305 20736 20431
340 20736 20396
1131 20736 19605
1596 20736 19140
2306 20736 18430
2439 20736 18297
2959 20736 17777
4141 20736 16595
5023 20736 15713
8027 20736 12709
8345 20736 12391
8890 20736 11846
10404 20736 10332
10409 20736 10327
12709 20736 8027
15082 20736 5654
15569 20736 5167
16595 20736 4141
18031 20736 2705
18434 20736 2302
18955 20736 1781
19605 20736 1131
20446 20736 290
20449 20736 287
20571 20736 165
20583 20736 153
33
153 20583 20736
165 20571 20736
287 20449 20736
290 20446 20736
1131 19605 20736
1781 18955 20736
2302 18434 20736
2705 18031 20736
4141 16595 20736
5167 15569 20736
5654 15082 20736
8027 12709 20736
10327 10409 20736
10332 10404 20736
11846 8890 20736
12391 8345 20736
12709 8027 20736
15713 5023 20736
16595 4141 20736
17777 2959 20736
18297 2439 20736
18430 2306 20736
19140 1596 20736
19605 1131 20736
20396 340 20736
20431 305 20736
20447 289 20736
20450 286 20736
20492 244 20736
20571 165 20736
20573 163 20736
20575 161 20736
20580 156 20736
27
20736 150 20586
20736 155 20581
20736 199 20537
20736 265 20471
20736 289 20447
20736 305 20431
20736 313 20423
20736 521 20215
20736 3318 17418
20736 5386 15350
20736 5485 15251
20736 6928 13808
20736 6929 13807
20736 8345 12391
20736 8945 11791
20736 10404 10332
20736 10409 10327
20736 13840 6896
20736 15569 5167
20736 17418 3318
20736 20215 521
20736 20423 313
20736 20449 287
20736 20471 265
20736 20537 199
20736 20582 154
20736 20586 150
27
150 20736 20586
154 20736 20582
199 20736 20537
265 20736 20471
287 20736 20449
313 20736 20423
521 20736 20215
3318 20736 17418
5167 20736 15569
6896 20736 13840
10327 20736 10409
10332 20736 10404
11791 20736 8945
12391 20736 8345
13807 20736 6929
13808 20736 6928
15251 20736 5485
15350 20736 5386
17418 20736 3318
20215 20736 521
20423 20736 313
20431 20736 305
20447 20736 289
20471 20736 265
20537 20736 199
20581 20736 155
20586 20736 150
27
150 20586 20736
155 20581 20736
199 20537 20736
265 20471 20736
289 20447 20736
305 20431 20736
313 20423 20736
521 20215 20736
3318 17418 20736
5386 15350 20736
5485 15251 20736
6928 13808 20736
6929 13807 20736
8345 12391 20736
8945 11791 20736
10404 10332 20736
10409 10327 20736
13840 6896 20736
15569 5167 20736
17418 3318 20736
20215 521 20736
20423 313 20736
20449 287 20736
20471 265 20736
20537 199 20736
20582 154 20736
20586 150 20736
14
20736 175 20561
20736 691 20045
20736 3451 17285
20736 5175 15561
20736 6445 14291
20736 6896 13840
20736 6991 13745
20736 7094 13642
20736 10330 10406
20736 10331 10405
20736 11791 8945
20736 13807 6929
20736 13808 6928
20736 15543 5193
14
5193 20736 15543
6928 20736 13808
6929 20736 13807
8945 20736 11791
10405 20736 10331
10406 20736 10330
13642 20736 7094
13745 20736 6991
13840 20736 6896
14291 20736 6445
15561 20736 5175
17285 20736 3451
20045 20736 691
20561 20736 175
14
175 20561 20736
691 20045 20736
3451 17285 20736
5175 15561 20736
6445 14291 20736
6896 13840 20736
6991 13745 20736
7094 13642 20736
10330 10406 20736
10331 10405 20736
11791 8945 20736
13807 6929 20736
13808 6928 20736
15543 5193 20736
10
20736 148 20588
20736 2033 18703
20736 5044 15692
20736 5193 15543
20736 13745 6991
20736 13841 6895
20736 15561 5175
20736 17285 3451
20736 20045 691
20736 20561 175
10
175 20736 20561
691 20736 20045
3451 20736 17285
5175 20736 15561
6895 20736 13841
6991 20736 13745
15543 20736 5193
15692 20736 5044
18703 20736 2033
20588 20736 148
10
148 20588 20736
2033 18703 20736
5044 15692 20736
5193 15543 20736
13745 6991 20736
13841 6895 20736
15561 5175 20736
17285 3451 20736
20045 691 20736
20561 175 20736
12
20736 3452 17284
20736 6895 13841
20736 8639 12097
20736 10405 10331
20736 10406 10330
20736 12095 8641
20736 13642 7094
20736 14291 6445
20736 15692 5044
20736 17276 3460
20736 18703 2033
20736 20588 148
12
148 20736 20588
2033 20736 18703
3460 20736 17276
5044 20736 15692
6445 20736 14291
7094 20736 13642
8641 20736 12095
10330 20736 10406
10331 20736 10405
12097 20736 8639
13841 20736 6895
17284 20736 3452
12
3452 17284 20736
6895 13841 20736
8639 12097 20736
10405 10331 20736
10406 10330 20736
12095 8641 20736
13642 7094 20736
14291 6445 20736
15692 5044 20736
17276 3460 20736
18703 2033 20736
20588 148 20736
20
20736 151 20585
20736 157 20579
20736 167 20569
20736 1717 19019
20736 3460 17276
20736 4153 16583
20736 5081 15655
20736 8289 12447
20736 8300 12436
20736 8641 12095
20736 8884 11852
20736 11852 8884
20736 12097 8639
20736 12436 8300
20736 15655 5081
20736 17161 3575
20736 17284 3452
20736 19991 745
20736 20585 151
20736 20601 135
20
135 20736 20601
151 20736 20585
745 20736 19991
3452 20736 17284
3575 20736 17161
5081 20736 15655
8300 20736 12436
8639 20736 12097
8884 20736 11852
11852 20736 8884
12095 20736 8641
12436 20736 8300
12447 20736 8289
15655 20736 5081
16583 20736 4153
17276 20736 3460
19019 20736 1717
20569 20736 167
20579 20736 157
20585 20736 151
20
151 20585 20736
157 20579 20736
167 20569 20736
1717 19019 20736
3460 17276 20736
4153 16583 20736
5081 15655 20736
8289 12447 20736
8300 12436 20736
8641 12095 20736
8884 11852 20736
11852 8884 20736
12097 8639 20736
12436 8300 20736
15655 5081 20736
17161 3575 20736
17284 3452 20736
19991 745 20736
20585 151 20736
20601 135 20736
14
20736 135 20601
20736 138 20598
20736 745 19991
20736 3191 17545
20736 3575 17161
20736 3851 16885
20736 10333 10403
20736 12447 8289
20736 16583 4153
20736 16967 3769
20736 17130 3606
20736 19019 1717
20736 20569 167
20736 20579 157
14
157 20736 20579
167 20736 20569
1717 20736 19019
3606 20736 17130
3769 20736 16967
4153 20736 16583
8289 20736 12447
10403 20736 10333
16885 20736 3851
17161 20736 3575
17545 20736 3191
19991 20736 745
20598 20736 138
20601 20736 135
14
135 20601 20736
138 20598 20736
745 19991 20736
3191 17545 20736
3575 17161 20736
3851 16885 20736
10333 10403 20736
12447 8289 20736
16583 4153 20736
16967 3769 20736
17130 3606 20736
19019 1717 20736
20569 167 20736
20579 157 20736
14
20736 140 20596
20736 147 20589
20736 3606 17130
20736 3769 16967
20736 5332 15404
20736 6771 13965
20736 7459 13277
20736 13965 6771
20736 15404 5332
20736 17545 3191
20736 20589 147
20736 20596 140
20736 20597 139
20736 20598 138
14
138 20736 20598
139 20736 20597
140 20736 20596
147 20736 20589
3191 20736 17545
5332 20736 15404
6771 20736 13965
13277 20736 7459
13965 20736 6771
15404 20736 5332
16967 20736 3769
17130 20736 3606
20589 20736 147
20596 20736 140
14
140 20596 20736
147 20589 20736
3606 17130 20736
3769 16967 20736
5332 15404 20736
6771 13965 20736
7459 13277 20736
13965 6771 20736
15404 5332 20736
17545 3191 20736
20589 147 20736
20596 140 20736
20597 139 20736
20598 138 20736
14
20736 128 20608
20736 136 20600
20736 178 20558
20736 466 20270
20736 2440 18296
20736 10403 10333
20736 13839 6897
20736 15207 5529
20736 16885 3851
20736 18296 2440
20736 20270 466
20736 20558 178
20736 20600 136
20736 20608 128
14
128 20736 20608
136 20736 20600
178 20736 20558
466 20736 20270
2440 20736 18296
3851 20736 16885
5529 20736 15207
6897 20736 13839
10333 20736 10403
18296 20736 2440
20270 20736 466
20558 20736 178
20600 20736 136
20608 20736 128
14
128 20608 20736
136 20600 20736
178 20558 20736
466 20270 20736
2440 18296 20736
10403 10333 20736
13839 6897 20736
15207 5529 20736
16885 3851 20736
18296 2440 20736
20270 466 20736
20558 178 20736
20600 136 20736
20608 128 20736
13
20736 139 20597
20736 2075 18661
20736 5529 15207
20736 6897 13839
20736 7059 13677
20736 7405 13331
20736 10246 10490
20736 10336 10400
20736 13277 7459
20736 13331 7405
20736 18661 2075
20736 20566 170
20736 20595 141
13
141 20736 20595
170 20736 20566
2075 20736 18661
7405 20736 13331
7459 20736 13277
10400 20736 10336
10490 20736 10246
13331 20736 7405
13677 20736 7059
13839 20736 6897
15207 20736 5529
18661 20736 2075
20597 20736 139
13
139 20597 20736
2075 18661 20736
5529 15207 20736
6897 13839 20736
7059 13677 20736
7405 13331 20736
10246 10490 20736
10336 10400 20736
13277 7459 20736
13331 7405 20736
18661 2075 20736
20566 170 20736
20595 141 20736
13
20736 137 20599
20736 141 20595
20736 170 20566
20736 1727 19009
20736 4713 16023
20736 10335 10401
20736 10400 10336
20736 10401 10335
20736 10490 10246
20736 13677 7059
20736 16023 4713
20736 18617 2119
20736 19007 1729
13
1729 20736 19007
2119 20736 18617
4713 20736 16023
7059 20736 13677
10246 20736 10490
10335 20736 10401
10336 20736 10400
10401 20736 10335
16023 20736 4713
19009 20736 1727
20566 20736 170
20595 20736 141
20599 20736 137
13
137 20599 20736
141 20595 20736
170 20566 20736
1727 19009 20736
4713 16023 20736
10335 10401 20736
10400 10336 20736
10401 10335 20736
10490 10246 20736
13677 7059 20736
16023 4713 20736
18617 2119 20736
19007 1729 20736
16
20736 126 20610
20736 132 20604
20736 223 20513
20736 835 19901
20736 1729 19007
20736 1884 18852
20736 2119 18617
20736 5176 15560
20736 13855 6881
20736 14814 5922
20736 15544 5192
20736 18852 1884
20736 19009 1727
20736 20587 149
20736 20599 137
20736 20604 132
16
132 20736 20604
137 20736 20599
149 20736 20587
1727 20736 19009
1884 20736 18852
5192 20736 15544
5922 20736 14814
6881 20736 13855
15560 20736 5176
18617 20736 2119
18852 20736 1884
19007 20736 1729
19901 20736 835
20513 20736 223
20604 20736 132
20610 20736 126
16
126 20610 20736
132 20604 20736
223 20513 20736
835 19901 20736
1729 19007 20736
1884 18852 20736
2119 18617 20736
5176 15560 20736
13855 6881 20736
14814 5922 20736
15544 5192 20736
18852 1884 20736
19009 1727 20736
20587 149 20736
20599 137 20736
20604 132 20736
18
20736 131 20605
20736 149 20587
20736 1383 19353
20736 4786 15950
20736 4907 15829
20736 5192 15544
20736 5922 14814
20736 6881 13855
20736 6927 13809
20736 7778 12958
20736 12962 7774
20736 13809 6927
20736 15560 5176
20736 16594 4142
20736 19353 1383
20736 19901 835
20736 20513 223
20736 20610 126
18
126 20736 20610
223 20736 20513
835 20736 19901
1383 20736 19353
4142 20736 16594
5176 20736 15560
6927 20736 13809
7774 20736 12962
12958 20736 7778
13809 20736 6927
13855 20736 6881
14814 20736 5922
15544 20736 5192
15829 20736 4907
15950 20736 4786
19353 20736 1383
20587 20736 149
20605 20736 131
18
131 20605 20736
149 20587 20736
1383 19353 20736
4786 15950 20736
4907 15829 20736
5192 15544 20736
5922 14814 20736
6881 13855 20736
6927 13809 20736
7778 12958 20736
12962 7774 20736
13809 6927 20736
15560 5176 20736
16594 4142 20736
19353 1383 20736
19901 835 20736
20513 223 20736
20610 126 20736
6
20736 4142 16594
20736 7774 12962
20736 12958 7778
20736 15829 4907
20736 15950 4786
20736 20605 131
6
131 20736 20605
4786 20736 15950
4907 20736 15829
7778 20736 12958
12962 20736 7774
16594 20736 4142
6
4142 16594 20736
7774 12962 20736
12958 7778 20736
15829 4907 20736
15950 4786 20736
20605 131 20736
10
20736 129 20607
20736 134 20602
20736 1238 19498
20736 1929 18807
20736 16001 4735
20736 18807 1929
20736 19498 1238
20736 20602 134
20736 20607 129
20736 20609 127
10
127 20736 20609
129 20736 20607
134 20736 20602
1238 20736 19498
1929 20736 18807
4735 20736 16001
18807 20736 1929
19498 20736 1238
20602 20736 134
20607 20736 129
10
129 20607 20736
134 20602 20736
1238 19498 20736
1929 18807 20736
16001 4735 20736
18807 1929 20736
19498 1238 20736
20602 134 20736
20607 129 20736
20609 127 20736
18
20736 120 20616
20736 123 20613
20736 124 20612
20736 127 20609
20736 2590 18146
20736 3950 16786
20736 4152 16584
20736 4735 16001
20736 6020 14716
20736 6898 13838
20736 6926 13810
20736 9874 10862
20736 13838 6898
20736 14667 6069
20736 14716 6020
20736 16786 3950
20736 18142 2594
20736 20612 124
18
124 20736 20612
2594 20736 18142
3950 20736 16786
6020 20736 14716
6069 20736 14667
6898 20736 13838
10862 20736 9874
13810 20736 6926
13838 20736 6898
14716 20736 6020
16001 20736 4735
16584 20736 4152
16786 20736 3950
18146 20736 2590
20609 20736 127
20612 20736 124
20613 20736 123
20616 20736 120
18
120 20616 20736
123 20613 20736
124 20612 20736
127 20609 20736
2590 18146 20736
3950 16786 20736
4152 16584 20736
4735 16001 20736
6020 14716 20736
6898 13838 20736
6926 13810 20736
9874 10862 20736
13838 6898 20736
14667 6069 20736
14716 6020 20736
16786 3950 20736
18142 2594 20736
20612 124 20736
12
20736 133 20603
20736 1715 19021
20736 2594 18142
20736 6069 14667
20736 10337 10399
20736 16584 4152
20736 17057 3679
20736 18146 2590
20736 19021 1715
20736 20603 133
20736 20613 123
20736 20616 120
12
120 20736 20616
123 20736 20613
133 20736 20603
1715 20736 19021
2590 20736 18146
3679 20736 17057
4152 20736 16584
10399 20736 10337
14667 20736 6069
18142 20736 2594
19021 20736 1715
20603 20736 133
12
133 20603 20736
1715 19021 20736
2594 18142 20736
6069 14667 20736
10337 10399 20736
16584 4152 20736
17057 3679 20736
18146 2590 20736
19021 1715 20736
20603 133 20736
20613 123 20736
20616 120 20736
14
20736 146 20590
20736 2965 17771
20736 3679 17057
20736 6222 14514
20736 10226 10510
20736 10338 10398
20736 10398 10338
20736 10399 10337
20736 10510 10226
20736 10862 9874
20736 13810 6926
20736 14514 6222
20736 19645 1091
20736 20590 146
14
146 20736 20590
1091 20736 19645
6222 20736 14514
6926 20736 13810
9874 20736 10862
10226 20736 10510
10337 20736 10399
10338 20736 10398
10398 20736 10338
10510 20736 10226
14514 20736 6222
17057 20736 3679
17771 20736 2965
20590 20736 146
14
146 20590 20736
2965 17771 20736
3679 17057 20736
6222 14514 20736
10226 10510 20736
10338 10398 20736
10398 10338 20736
10399 10337 20736
10510 10226 20736
10862 9874 20736
13810 6926 20736
14514 6222 20736
19645 1091 20736
20590 146 20736
6
20736 121 20615
20736 142 20594
20736 1091 19645
20736 7369 13367
20736 10222 10514
20736 17771 2965
6
2965 20736 17771
10514 20736 10222
13367 20736 7369
19645 20736 1091
20594 20736 142
20615 20736 121
6
121 20615 20736
142 20594 20736
1091 19645 20736
7369 13367 20736
10222 10514 20736
17771 2965 20736
8
20736 117 20619
20736 6381 14355
20736 10514 10222
20736 13367 7369
20736 14355 6381
20736 20594 142
20736 20615 121
20736 20619 117
8
117 20736 20619
121 20736 20615
142 20736 20594
6381 20736 14355
7369 20736 13367
10222 20736 10514
14355 20736 6381
20619 20736 117
8
117 20619 20736
6381 14355 20736
10514 10222 20736
13367 7369 20736
14355 6381 20736
20594 142 20736
20615 121 20736
20619 117 20736
12
20736 118 20618
20736 3866 16870
20736 5927 14809
20736 7319 13417
20736 10334 10402
20736 13417 7319
20736 14809 5927
20736 16870 3866
20736 19243 1493
20736 20126 610
20736 20611 125
20736 20618 118
12
118 20736 20618
125 20736 20611
610 20736 20126
1493 20736 19243
3866 20736 16870
5927 20736 14809
7319 20736 13417
10402 20736 10334
13417 20736 7319
14809 20736 5927
16870 20736 3866
20618 20736 118
12
118 20618 20736
3866 16870 20736
5927 14809 20736
7319 13417 20736
10334 10402 20736
13417 7319 20736
14809 5927 20736
16870 3866 20736
19243 1493 20736
20126 610 20736
20611 125 20736
20618 118 20736
10
20736 116 20620
20736 125 20611
20736 610 20126
20736 1493 19243
20736 6925 13811
20736 8507 12229
20736 10402 10334
20736 12229 8507
20736 13811 6925
20736 17876 2860
10
2860 20736 17876
6925 20736 13811
8507 20736 12229
10334 20736 10402
12229 20736 8507
13811 20736 6925
19243 20736 1493
20126 20736 610
20611 20736 125
20620 20736 116
10
116 20620 20736
125 20611 20736
610 20126 20736
1493 19243 20736
6925 13811 20736
8507 12229 20736
10402 10334 20736
12229 8507 20736
13811 6925 20736
17876 2860 20736
2
20736 2860 17876
20736 20620 116
2
116 20736 20620
17876 20736 2860
2
2860 17876 20736
20620 116 20736
22
20736 108 20628
20736 112 20624
20736 114 20622
20736 638 20098
20736 2960 17776
20736 4444 16292
20736 5317 15419
20736 6899 13837
20736 9653 11083
20736 9822 10914
20736 10339 10397
20736 10396 10340
20736 10397 10339
20736 10914 9822
20736 11083 9653
20736 13837 6899
20736 15419 5317
20736 17776 2960
20736 20606 130
20736 20622 114
20736 20624 112
20736 20628 108
22
108 20736 20628
112 20736 20624
114 20736 20622
130 20736 20606
2960 20736 17776
5317 20736 15419
6899 20736 13837
9653 20736 11083
9822 20736 10914
10339 20736 10397
10340 20736 10396
10397 20736 10339
10914 20736 9822
11083 20736 9653
13837 20736 6899
15419 20736 5317
16292 20736 4444
17776 20736 2960
20098 20736 638
20622 20736 114
20624 20736 112
20628 20736 108
22
108 20628 20736
112 20624 20736
114 20622 20736
638 20098 20736
2960 17776 20736
4444 16292 20736
5317 15419 20736
6899 13837 20736
9653 11083 20736
9822 10914 20736
10339 10397 20736
10396 10340 20736
10397 10339 20736
10914 9822 20736
11083 9653 20736
13837 6899 20736
15419 5317 20736
17776 2960 20736
20606 130 20736
20622 114 20736
20624 112 20736
20628 108 20736
7
20736 115 20621
20736 130 20606
20736 10340 10396
20736 10341 10395
20736 16292 4444
20736 17851 2885
20736 20098 638
7
638 20736 20098
2885 20736 17851
4444 20736 16292
10395 20736 10341
10396 20736 10340
20606 20736 130
20621 20736 115
7
115 20621 20736
130 20606 20736
10340 10396 20736
10341 10395 20736
16292 4444 20736
17851 2885 20736
20098 638 20736
15
20736 111 20625
20736 2885 17851
20736 6924 13812
20736 8299 12437
20736 8967 11769
20736 9917 10819
20736 10395 10341
20736 10819 9917
20736 11769 8967
20736 12437 8299
20736 13836 6900
20736 15545 5191
20736 17033 3703
20736 20621 115
20736 20625 111
15
111 20736 20625
115 20736 20621
3703 20736 17033
5191 20736 15545
6900 20736 13836
8299 20736 12437
8967 20736 11769
9917 20736 10819
10341 20736 10395
10819 20736 9917
11769 20736 8967
12437 20736 8299
13812 20736 6924
17851 20736 2885
20625 20736 111
15
111 20625 20736
2885 17851 20736
6924 13812 20736
8299 12437 20736
8967 11769 20736
9917 10819 20736
10395 10341 20736
10819 9917 20736
11769 8967 20736
12437 8299 20736
13836 6900 20736
15545 5191 20736
17033 3703 20736
20621 115 20736
20625 111 20736
4
20736 3703 17033
20736 5191 15545
20736 6900 13836
20736 13812 6924
4
6924 20736 13812
13836 20736 6900
15545 20736 5191
17033 20736 3703
4
3703 17033 20736
5191 15545 20736
6900 13836 20736
13812 6924 20736
8
20736 1886 18850
20736 5177 15559
20736 6665 14071
20736 8290 12446
20736 10198 10538
20736 14071 6665
20736 15559 5177
20736 20614 122
8
122 20736 20614
5177 20736 15559
6665 20736 14071
10538 20736 10198
12446 20736 8290
14071 20736 6665
15559 20736 5177
18850 20736 1886
8
1886 18850 20736
5177 15559 20736
6665 14071 20736
8290 12446 20736
10198 10538 20736
14071 6665 20736
15559 5177 20736
20614 122 20736
2
578 1150 1728
1154 574 1728
6
1728 16 1712
1728 19 1709
1728 91 1637
1728 1423 305
1728 1711 17
1728 1712 16
2
433 1728 1295
1297 1728 431
4
15 1713 1728
345 1383 1728
1383 345 1728
1713 15 1728
4
1728 14 1714
1728 494 1234
1728 1234 494
1728 1714 14
2
7777 20736 12959
12961 20736 7775
2
20736 7775 12961
20736 12959 7777
4
5188 15548 20736
7777 12959 20736
12961 7775 20736
15556 5180 20736
1
15638 23457 7819
2
7819 15638 23457
15638 7819 23457
2
23457 7819 15638
23457 15638 7819
3
6702 23457 16755
7819 23457 15638
13404 23457 10053
5
6702 16755 23457
8936 14521 23457
10053 13404 23457
13404 10053 23457
16755 6702 23457
6
1818 10201 8383
2828 10201 7373
3030 10201 7171
4444 10201 5757
6262 10201 3939
6464 10201 3737
12
2222 7979 10201
3030 7171 10201
3737 6464 10201
3939 6262 10201
4444 5757 10201
5757 4444 10201
6262 3939 10201
6464 3737 10201
7171 3030 10201
7373 2828 10201
7878 2323 10201
8383 1818 10201
