1
144 72 72
2
72 144 72
96 144 48
3
48 96 144
72 72 144
96 48 144
5
144 36 108
144 48 96
144 54 90
144 96 48
144 108 36
4
36 144 108
48 144 96
90 144 54
108 144 36
5
32 112 144
36 108 144
54 90 144
64 80 144
108 36 144
10
144 24 120
144 32 112
144 56 88
144 60 84
144 63 81
144 64 80
144 84 60
144 90 54
144 104 40
144 120 24
12
24 144 120
32 144 112
40 144 104
54 144 90
60 144 84
64 144 80
80 144 64
81 144 63
84 144 60
88 144 56
112 144 32
120 144 24
10
24 120 144
56 88 144
60 84 144
63 81 144
80 64 144
84 60 144
90 54 144
104 40 144
112 32 144
120 24 144
18
144 18 126
144 27 117
144 30 114
144 40 104
144 42 102
144 45 99
144 52 92
144 55 89
144 66 78
144 80 64
144 81 63
144 88 56
144 99 45
144 100 44
144 102 42
144 112 32
144 117 27
144 126 18
17
18 144 126
27 144 117
42 144 102
44 144 100
45 144 99
56 144 88
63 144 81
78 144 66
89 144 55
92 144 52
99 144 45
102 144 42
104 144 40
114 144 30
117 144 27
126 144 18
128 144 16
18
16 128 144
18 126 144
27 117 144
30 114 144
40 104 144
42 102 144
45 99 144
52 92 144
55 89 144
66 78 144
81 63 144
88 56 144
99 45 144
100 44 144
102 42 144
117 27 144
126 18 144
128 16 144
13
144 16 128
144 33 111
144 39 105
144 44 100
144 51 93
144 78 66
144 92 52
144 93 51
144 105 39
144 106 38
144 111 33
144 114 30
144 128 16
12
16 144 128
30 144 114
33 144 111
38 144 106
39 144 105
51 144 93
52 144 92
66 144 78
93 144 51
100 144 44
105 144 39
111 144 33
11
33 111 144
39 105 144
44 100 144
51 93 144
78 66 144
92 52 144
93 51 144
105 39 144
106 38 144
111 33 144
114 30 144
24
144 12 132
144 20 124
144 21 123
144 22 122
144 28 116
144 31 113
144 34 110
144 38 106
144 50 94
144 57 87
144 59 85
144 61 83
144 68 76
144 76 68
144 79 65
144 83 61
144 85 59
144 98 46
144 110 34
144 116 28
144 118 26
144 124 20
144 129 15
144 132 12
24
12 144 132
15 144 129
20 144 124
26 144 118
28 144 116
34 144 110
46 144 98
59 144 85
61 144 83
65 144 79
68 144 76
76 144 68
83 144 61
85 144 59
87 144 57
94 144 50
106 144 38
110 144 34
113 144 31
116 144 28
122 144 22
123 144 21
124 144 20
132 144 12
24
12 132 144
20 124 144
21 123 144
22 122 144
28 116 144
31 113 144
34 110 144
38 106 144
50 94 144
57 87 144
59 85 144
61 83 144
68 76 144
76 68 144
79 65 144
83 61 144
85 59 144
98 46 144
110 34 144
116 28 144
118 26 144
124 20 144
129 15 144
132 12 144
23
144 14 130
144 15 129
144 19 125
144 23 121
144 26 118
144 43 101
144 46 98
144 53 91
144 62 82
144 65 79
144 67 77
144 69 75
144 77 67
144 87 57
144 89 55
144 91 53
144 94 50
144 101 43
144 113 31
144 119 25
144 122 22
144 123 21
144 125 19
23
19 144 125
21 144 123
22 144 122
25 144 119
31 144 113
43 144 101
50 144 94
53 144 91
55 144 89
57 144 87
67 144 77
75 144 69
77 144 67
79 144 65
82 144 62
91 144 53
98 144 46
101 144 43
118 144 26
121 144 23
125 144 19
129 144 15
130 144 14
23
14 130 144
15 129 144
19 125 144
23 121 144
26 118 144
43 101 144
46 98 144
53 91 144
62 82 144
65 79 144
67 77 144
69 75 144
77 67 144
87 57 144
89 55 144
91 53 144
94 50 144
101 43 144
113 31 144
119 25 144
122 22 144
123 21 144
125 19 144
11
144 9 135
144 25 119
144 35 109
144 37 107
144 75 69
144 82 62
144 107 37
144 109 35
144 121 23
144 130 14
144 135 9
11
9 144 135
14 144 130
23 144 121
35 144 109
37 144 107
62 144 82
69 144 75
107 144 37
109 144 35
119 144 25
135 144 9
11
9 135 144
25 119 144
35 109 144
37 107 144
75 69 144
82 62 144
107 37 144
109 35 144
121 23 144
130 14 144
135 9 144
8
144 8 136
144 10 134
144 17 127
144 58 86
144 86 58
144 127 17
144 134 10
144 136 8
8
8 144 136
10 144 134
17 144 127
58 144 86
86 144 58
127 144 17
134 144 10
136 144 8
8
8 136 144
10 134 144
17 127 144
58 86 144
86 58 144
127 17 144
134 10 144
136 8 144
3
144 49 95
144 70 74
144 97 47
3
47 144 97
74 144 70
95 144 49
3
49 95 144
70 74 144
97 47 144
