13
96 12 84
96 18 78
96 20 76
96 21 75
96 28 68
96 30 66
96 44 52
96 54 42
96 66 30
96 68 28
96 69 27
96 78 18
96 84 12
162
1024 13824 12800
1296 13824 12528
1584 13824 12240
1776 13824 12048
1824 13824 12000
1872 13824 11952
2016 13824 11808
2052 13824 11772
2112 13824 11712
2176 13824 11648
2400 13824 11424
2412 13824 11412
2430 13824 11394
2432 13824 11392
2464 13824 11360
2624 13824 11200
2664 13824 11160
2916 13824 10908
2928 13824 10896
2976 13824 10848
3114 13824 10710
3136 13824 10688
3312 13824 10512
3564 13824 10260
3618 13824 10206
3654 13824 10170
3726 13824 10098
3792 13824 10032
3834 13824 9990
3856 13824 9968
3864 13824 9960
3996 13824 9828
4050 13824 9774
4080 13824 9744
4128 13824 9696
4752 13824 9072
4800 13824 9024
4860 13824 8964
5040 13824 8784
5056 13824 8768
5088 13824 8736
5112 13824 8712
5148 13824 8676
5238 13824 8586
5256 13824 8568
5280 13824 8544
5328 13824 8496
5346 13824 8478
5424 13824 8400
5472 13824 8352
5670 13824 8154
5680 13824 8144
5712 13824 8112
5728 13824 8096
5778 13824 8046
5784 13824 8040
5792 13824 8032
5805 13824 8019
5859 13824 7965
5880 13824 7944
6021 13824 7803
6096 13824 7728
6208 13824 7616
6210 13824 7614
6237 13824 7587
6426 13824 7398
6432 13824 7392
7168 13824 6656
7200 13824 6624
7392 13824 6432
7416 13824 6408
7584 13824 6240
7614 13824 6210
7616 13824 6208
7704 13824 6120
7728 13824 6096
7744 13824 6080
7749 13824 6075
7752 13824 6072
7758 13824 6066
7794 13824 6030
7824 13824 6000
7848 13824 5976
7872 13824 5952
7938 13824 5886
7956 13824 5868
7984 13824 5840
8016 13824 5808
8032 13824 5792
8046 13824 5778
8088 13824 5736
8096 13824 5728
8184 13824 5640
8370 13824 5454
8388 13824 5436
8400 13824 5424
8432 13824 5392
8436 13824 5388
8460 13824 5364
8520 13824 5304
8528 13824 5296
8550 13824 5274
8592 13824 5232
8604 13824 5220
8694 13824 5130
8721 13824 5103
8736 13824 5088
8768 13824 5056
8784 13824 5040
8820 13824 5004
8829 13824 4995
8864 13824 4960
8910 13824 4914
8976 13824 4848
9000 13824 4824
9408 13824 4416
9432 13824 4392
9612 13824 4212
9632 13824 4192
9696 13824 4128
9738 13824 4086
9744 13824 4080
9747 13824 4077
9801 13824 4023
9963 13824 3861
10032 13824 3792
10098 13824 3726
10128 13824 3696
10206 13824 3618
10224 13824 3600
10476 13824 3348
10592 13824 3232
10611 13824 3213
10620 13824 3204
10624 13824 3200
10688 13824 3136
10728 13824 3096
10824 13824 3000
10827 13824 2997
10832 13824 2992
10872 13824 2952
10896 13824 2928
10908 13824 2916
11008 13824 2816
11200 13824 2624
11256 13824 2568
11280 13824 2544
11328 13824 2496
11340 13824 2484
11376 13824 2448
11392 13824 2432
11616 13824 2208
11648 13824 2176
11718 13824 2106
11772 13824 2052
12000 13824 1824
12160 13824 1664
12224 13824 1600
12240 13824 1584
12384 13824 1440
12480 13824 1344
12544 13824 1280
164
1024 12800 13824
1280 12544 13824
1344 12480 13824
1440 12384 13824
1584 12240 13824
1600 12224 13824
1664 12160 13824
1824 12000 13824
2052 11772 13824
2106 11718 13824
2176 11648 13824
2208 11616 13824
2432 11392 13824
2448 11376 13824
2484 11340 13824
2496 11328 13824
2544 11280 13824
2568 11256 13824
2624 11200 13824
2816 11008 13824
2916 10908 13824
2928 10896 13824
2952 10872 13824
2992 10832 13824
2997 10827 13824
3000 10824 13824
3096 10728 13824
3136 10688 13824
3200 10624 13824
3204 10620 13824
3213 10611 13824
3232 10592 13824
3348 10476 13824
3600 10224 13824
3618 10206 13824
3696 10128 13824
3726 10098 13824
3792 10032 13824
3861 9963 13824
4023 9801 13824
4077 9747 13824
4080 9744 13824
4086 9738 13824
4128 9696 13824
4192 9632 13824
4212 9612 13824
4392 9432 13824
4416 9408 13824
4824 9000 13824
4848 8976 13824
4914 8910 13824
4960 8864 13824
4995 8829 13824
5004 8820 13824
5040 8784 13824
5056 8768 13824
5088 8736 13824
5103 8721 13824
5130 8694 13824
5220 8604 13824
5232 8592 13824
5274 8550 13824
5296 8528 13824
5304 8520 13824
5364 8460 13824
5388 8436 13824
5392 8432 13824
5424 8400 13824
5436 8388 13824
5454 8370 13824
5640 8184 13824
5728 8096 13824
5736 8088 13824
5778 8046 13824
5792 8032 13824
5808 8016 13824
5840 7984 13824
5868 7956 13824
5886 7938 13824
5952 7872 13824
5976 7848 13824
6000 7824 13824
6030 7794 13824
6066 7758 13824
6072 7752 13824
6075 7749 13824
6080 7744 13824
6096 7728 13824
6120 7704 13824
6208 7616 13824
6210 7614 13824
6240 7584 13824
6408 7416 13824
6432 7392 13824
6624 7200 13824
6656 7168 13824
7168 6656 13824
7392 6432 13824
7398 6426 13824
7587 6237 13824
7614 6210 13824
7616 6208 13824
7728 6096 13824
7803 6021 13824
7944 5880 13824
7965 5859 13824
8019 5805 13824
8032 5792 13824
8040 5784 13824
8046 5778 13824
8096 5728 13824
8112 5712 13824
8144 5680 13824
8154 5670 13824
8352 5472 13824
8400 5424 13824
8478 5346 13824
8496 5328 13824
8544 5280 13824
8568 5256 13824
8586 5238 13824
8676 5148 13824
8712 5112 13824
8736 5088 13824
8768 5056 13824
8784 5040 13824
8964 4860 13824
9024 4800 13824
9072 4752 13824
9696 4128 13824
9744 4080 13824
9774 4050 13824
9828 3996 13824
9960 3864 13824
9968 3856 13824
9990 3834 13824
10032 3792 13824
10098 3726 13824
10170 3654 13824
10206 3618 13824
10260 3564 13824
10512 3312 13824
10688 3136 13824
10710 3114 13824
10848 2976 13824
10896 2928 13824
10908 2916 13824
11160 2664 13824
11200 2624 13824
11360 2464 13824
11392 2432 13824
11394 2430 13824
11412 2412 13824
11424 2400 13824
11648 2176 13824
11712 2112 13824
11772 2052 13824
11808 2016 13824
11952 1872 13824
12000 1824 13824
12048 1776 13824
12240 1584 13824
12528 1296 13824
12800 1024 13824
259
13824 864 12960
13824 1024 12800
13824 1080 12744
13824 1408 12416
13824 1472 12352
13824 1512 12312
13824 1620 12204
13824 1680 12144
13824 1856 11968
13824 1944 11880
13824 2064 11760
13824 2079 11745
13824 2080 11744
13824 2144 11680
13824 2196 11628
13824 2232 11592
13824 2240 11584
13824 2400 11424
13824 2412 11412
13824 2424 11400
13824 2430 11394
13824 2538 11286
13824 2556 11268
13824 2565 11259
13824 2640 11184
13824 2646 11178
13824 2664 11160
13824 2700 11124
13824 2808 11016
13824 2832 10992
13824 2848 10976
13824 2856 10968
13824 2889 10935
13824 2896 10928
13824 2904 10920
13824 2943 10881
13824 2970 10854
13824 2979 10845
13824 2994 10830
13824 3008 10816
13824 3015 10809
13824 3040 10784
13824 3051 10773
13824 3105 10719
13824 3216 10608
13824 3276 10548
13824 3360 10464
13824 3552 10272
13824 3564 10260
13824 3616 10208
13824 3645 10179
13824 3717 10107
13824 3808 10016
13824 3816 10008
13824 3834 9990
13824 3852 9972
13824 3864 9960
13824 3904 9920
13824 3984 9840
13824 4000 9824
13824 4008 9816
13824 4020 9804
13824 4048 9776
13824 4056 9768
13824 4112 9712
13824 4116 9708
13824 4120 9704
13824 4185 9639
13824 4230 9594
13824 4266 9558
13824 4272 9552
13824 4284 9540
13824 4288 9536
13824 4293 9531
13824 4296 9528
13824 4374 9450
13824 4428 9396
13824 4464 9360
13824 4736 9088
13824 4912 8912
13824 4928 8896
13824 4944 8880
13824 4950 8874
13824 4959 8865
13824 4984 8840
13824 5008 8816
13824 5049 8775
13824 5064 8760
13824 5136 8688
13824 5148 8676
13824 5152 8672
13824 5160 8664
13824 5208 8616
13824 5211 8613
13824 5235 8589
13824 5288 8536
13824 5298 8526
13824 5368 8456
13824 5418 8406
13824 5427 8397
13824 5648 8176
13824 5670 8154
13824 5706 8118
13824 5744 8080
13824 5784 8040
13824 5790 8034
13824 5805 8019
13824 5844 7980
13824 5859 7965
13824 5967 7857
13824 5984 7840
13824 5985 7839
13824 5997 7827
13824 6021 7803
13824 6024 7800
13824 6064 7760
13824 6090 7734
13824 6112 7712
13824 6204 7620
13824 6228 7596
13824 6237 7587
13824 6272 7552
13824 6304 7520
13824 6312 7512
13824 6318 7506
13824 6360 7464
13824 6368 7456
13824 6372 7452
13824 6426 7398
13824 6464 7360
13824 6576 7248
13824 6656 7168
13824 7168 6656
13824 7200 6624
13824 7290 6534
13824 7360 6464
13824 7416 6408
13824 7552 6272
13824 7578 6246
13824 7596 6228
13824 7704 6120
13824 7712 6112
13824 7722 6102
13824 7749 6075
13824 7800 6024
13824 7824 6000
13824 7830 5994
13824 7848 5976
13824 7872 5952
13824 7938 5886
13824 7956 5868
13824 8022 5802
13824 8048 5776
13824 8088 5736
13824 8094 5730
13824 8118 5706
13824 8370 5454
13824 8384 5440
13824 8397 5427
13824 8460 5364
13824 8480 5344
13824 8604 5220
13824 8667 5157
13824 8672 5152
13824 8721 5103
13824 8760 5064
13824 8775 5049
13824 8820 5004
13824 8864 4960
13824 8896 4928
13824 8910 4914
13824 8976 4848
13824 9000 4824
13824 9344 4480
13824 9360 4464
13824 9396 4428
13824 9432 4392
13824 9450 4374
13824 9468 4356
13824 9477 4347
13824 9520 4304
13824 9528 4296
13824 9536 4288
13824 9540 4284
13824 9552 4272
13824 9558 4266
13824 9584 4240
13824 9594 4230
13824 9608 4216
13824 9632 4192
13824 9639 4185
13824 9702 4122
13824 9747 4077
13824 9768 4056
13824 9780 4044
13824 9801 4023
13824 9816 4008
13824 9909 3915
13824 9945 3879
13824 9963 3861
13824 9972 3852
13824 9992 3832
13824 9999 3825
13824 10017 3807
13824 10044 3780
13824 10071 3753
13824 10092 3732
13824 10128 3696
13824 10161 3663
13824 10179 3645
13824 10200 3624
13824 10233 3591
13824 10272 3552
13824 10464 3360
13824 10476 3348
13824 10548 3276
13824 10608 3216
13824 10624 3200
13824 10668 3156
13824 10672 3152
13824 10719 3105
13824 10728 3096
13824 10784 3040
13824 10827 2997
13824 10872 2952
13824 10881 2943
13824 11008 2816
13824 11124 2700
13824 11178 2646
13824 11184 2640
13824 11196 2628
13824 11205 2619
13824 11268 2556
13824 11280 2544
13824 11286 2538
13824 11352 2472
13824 11364 2460
13824 11400 2424
13824 11456 2368
13824 11616 2208
13824 11628 2196
13824 11718 2106
13824 11736 2088
13824 11760 2064
13824 11880 1944
13824 11934 1890
13824 11961 1863
13824 11968 1856
13824 11988 1836
13824 12015 1809
13824 12160 1664
13824 12312 1512
13824 12416 1408
13824 12420 1404
13824 12480 1344
13824 12544 1280
13824 12636 1188
13824 12800 1024
13824 12960 864
257
864 13824 12960
1188 13824 12636
1280 13824 12544
1344 13824 12480
1404 13824 12420
1408 13824 12416
1512 13824 12312
1664 13824 12160
1809 13824 12015
1836 13824 11988
1856 13824 11968
1863 13824 11961
1890 13824 11934
1944 13824 11880
2064 13824 11760
2088 13824 11736
2106 13824 11718
2196 13824 11628
2208 13824 11616
2368 13824 11456
2424 13824 11400
2460 13824 11364
2472 13824 11352
2538 13824 11286
2544 13824 11280
2556 13824 11268
2619 13824 11205
2628 13824 11196
2640 13824 11184
2646 13824 11178
2700 13824 11124
2816 13824 11008
2943 13824 10881
2952 13824 10872
2997 13824 10827
3040 13824 10784
3096 13824 10728
3105 13824 10719
3152 13824 10672
3156 13824 10668
3200 13824 10624
3216 13824 10608
3276 13824 10548
3348 13824 10476
3360 13824 10464
3552 13824 10272
3591 13824 10233
3624 13824 10200
3645 13824 10179
3663 13824 10161
3696 13824 10128
3732 13824 10092
3753 13824 10071
3780 13824 10044
3807 13824 10017
3825 13824 9999
3832 13824 9992
3852 13824 9972
3861 13824 9963
3879 13824 9945
3915 13824 9909
4008 13824 9816
4023 13824 9801
4044 13824 9780
4056 13824 9768
4077 13824 9747
4122 13824 9702
4185 13824 9639
4192 13824 9632
4216 13824 9608
4230 13824 9594
4240 13824 9584
4266 13824 9558
4272 13824 9552
4284 13824 9540
4288 13824 9536
4296 13824 9528
4304 13824 9520
4347 13824 9477
4356 13824 9468
4374 13824 9450
4392 13824 9432
4428 13824 9396
4464 13824 9360
4480 13824 9344
4824 13824 9000
4848 13824 8976
4914 13824 8910
4928 13824 8896
4960 13824 8864
5004 13824 8820
5049 13824 8775
5064 13824 8760
5103 13824 8721
5152 13824 8672
5157 13824 8667
5220 13824 8604
5344 13824 8480
5364 13824 8460
5427 13824 8397
5440 13824 8384
5454 13824 8370
5706 13824 8118
5730 13824 8094
5736 13824 8088
5776 13824 8048
5802 13824 8022
5868 13824 7956
5886 13824 7938
5952 13824 7872
5976 13824 7848
5994 13824 7830
6000 13824 7824
6024 13824 7800
6075 13824 7749
6102 13824 7722
6112 13824 7712
6120 13824 7704
6228 13824 7596
6246 13824 7578
6272 13824 7552
6408 13824 7416
6464 13824 7360
6534 13824 7290
6624 13824 7200
6656 13824 7168
7248 13824 6576
7360 13824 6464
7398 13824 6426
7452 13824 6372
7456 13824 6368
7464 13824 6360
7506 13824 6318
7512 13824 6312
7520 13824 6304
7552 13824 6272
7587 13824 6237
7596 13824 6228
7620 13824 6204
7712 13824 6112
7734 13824 6090
7760 13824 6064
7800 13824 6024
7803 13824 6021
7827 13824 5997
7839 13824 5985
7840 13824 5984
7857 13824 5967
7965 13824 5859
7980 13824 5844
8019 13824 5805
8034 13824 5790
8040 13824 5784
8080 13824 5744
8118 13824 5706
8154 13824 5670
8176 13824 5648
8397 13824 5427
8406 13824 5418
8456 13824 5368
8526 13824 5298
8536 13824 5288
8589 13824 5235
8613 13824 5211
8616 13824 5208
8664 13824 5160
8672 13824 5152
8676 13824 5148
8688 13824 5136
8760 13824 5064
8775 13824 5049
8816 13824 5008
8840 13824 4984
8865 13824 4959
8874 13824 4950
8880 13824 4944
8896 13824 4928
8912 13824 4912
9088 13824 4736
9360 13824 4464
9396 13824 4428
9450 13824 4374
9528 13824 4296
9531 13824 4293
9536 13824 4288
9540 13824 4284
9552 13824 4272
9558 13824 4266
9594 13824 4230
9639 13824 4185
9704 13824 4120
9708 13824 4116
9712 13824 4112
9768 13824 4056
9776 13824 4048
9804 13824 4020
9816 13824 4008
9824 13824 4000
9840 13824 3984
9920 13824 3904
9960 13824 3864
9972 13824 3852
9990 13824 3834
10008 13824 3816
10016 13824 3808
10107 13824 3717
10179 13824 3645
10208 13824 3616
10260 13824 3564
10272 13824 3552
10464 13824 3360
10548 13824 3276
10608 13824 3216
10719 13824 3105
10773 13824 3051
10784 13824 3040
10809 13824 3015
10816 13824 3008
10830 13824 2994
10845 13824 2979
10854 13824 2970
10881 13824 2943
10920 13824 2904
10928 13824 2896
10935 13824 2889
10968 13824 2856
10976 13824 2848
10992 13824 2832
11016 13824 2808
11124 13824 2700
11160 13824 2664
11178 13824 2646
11184 13824 2640
11259 13824 2565
11268 13824 2556
11286 13824 2538
11394 13824 2430
11400 13824 2424
11412 13824 2412
11424 13824 2400
11584 13824 2240
11592 13824 2232
11628 13824 2196
11680 13824 2144
11744 13824 2080
11745 13824 2079
11760 13824 2064
11880 13824 1944
11968 13824 1856
12144 13824 1680
12204 13824 1620
12312 13824 1512
12352 13824 1472
12416 13824 1408
12744 13824 1080
12800 13824 1024
12960 13824 864
255
864 12960 13824
1080 12744 13824
1408 12416 13824
1472 12352 13824
1512 12312 13824
1620 12204 13824
1680 12144 13824
1856 11968 13824
1944 11880 13824
2064 11760 13824
2079 11745 13824
2080 11744 13824
2144 11680 13824
2196 11628 13824
2232 11592 13824
2240 11584 13824
2400 11424 13824
2412 11412 13824
2424 11400 13824
2430 11394 13824
2538 11286 13824
2556 11268 13824
2565 11259 13824
2640 11184 13824
2646 11178 13824
2664 11160 13824
2700 11124 13824
2808 11016 13824
2832 10992 13824
2848 10976 13824
2856 10968 13824
2889 10935 13824
2896 10928 13824
2904 10920 13824
2943 10881 13824
2970 10854 13824
2979 10845 13824
2994 10830 13824
3008 10816 13824
3015 10809 13824
3040 10784 13824
3051 10773 13824
3105 10719 13824
3216 10608 13824
3276 10548 13824
3360 10464 13824
3552 10272 13824
3564 10260 13824
3616 10208 13824
3645 10179 13824
3717 10107 13824
3808 10016 13824
3816 10008 13824
3834 9990 13824
3852 9972 13824
3864 9960 13824
3904 9920 13824
3984 9840 13824
4000 9824 13824
4008 9816 13824
4020 9804 13824
4048 9776 13824
4056 9768 13824
4112 9712 13824
4116 9708 13824
4120 9704 13824
4185 9639 13824
4230 9594 13824
4266 9558 13824
4272 9552 13824
4284 9540 13824
4288 9536 13824
4293 9531 13824
4296 9528 13824
4374 9450 13824
4428 9396 13824
4464 9360 13824
4736 9088 13824
4912 8912 13824
4928 8896 13824
4944 8880 13824
4950 8874 13824
4959 8865 13824
4984 8840 13824
5008 8816 13824
5049 8775 13824
5064 8760 13824
5136 8688 13824
5148 8676 13824
5152 8672 13824
5160 8664 13824
5208 8616 13824
5211 8613 13824
5235 8589 13824
5288 8536 13824
5298 8526 13824
5368 8456 13824
5418 8406 13824
5427 8397 13824
5648 8176 13824
5670 8154 13824
5706 8118 13824
5744 8080 13824
5784 8040 13824
5790 8034 13824
5805 8019 13824
5844 7980 13824
5859 7965 13824
5967 7857 13824
5984 7840 13824
5985 7839 13824
5997 7827 13824
6021 7803 13824
6024 7800 13824
6064 7760 13824
6090 7734 13824
6112 7712 13824
6204 7620 13824
6228 7596 13824
6237 7587 13824
6272 7552 13824
6304 7520 13824
6312 7512 13824
6318 7506 13824
6360 7464 13824
6368 7456 13824
6372 7452 13824
6426 7398 13824
6464 7360 13824
6576 7248 13824
7200 6624 13824
7290 6534 13824
7360 6464 13824
7416 6408 13824
7552 6272 13824
7578 6246 13824
7596 6228 13824
7704 6120 13824
7712 6112 13824
7722 6102 13824
7749 6075 13824
7800 6024 13824
7824 6000 13824
7830 5994 13824
7848 5976 13824
7872 5952 13824
7938 5886 13824
7956 5868 13824
8022 5802 13824
8048 5776 13824
8088 5736 13824
8094 5730 13824
8118 5706 13824
8370 5454 13824
8384 5440 13824
8397 5427 13824
8460 5364 13824
8480 5344 13824
8604 5220 13824
8667 5157 13824
8672 5152 13824
8721 5103 13824
8760 5064 13824
8775 5049 13824
8820 5004 13824
8864 4960 13824
8896 4928 13824
8910 4914 13824
8976 4848 13824
9000 4824 13824
9344 4480 13824
9360 4464 13824
9396 4428 13824
9432 4392 13824
9450 4374 13824
9468 4356 13824
9477 4347 13824
9520 4304 13824
9528 4296 13824
9536 4288 13824
9540 4284 13824
9552 4272 13824
9558 4266 13824
9584 4240 13824
9594 4230 13824
9608 4216 13824
9632 4192 13824
9639 4185 13824
9702 4122 13824
9747 4077 13824
9768 4056 13824
9780 4044 13824
9801 4023 13824
9816 4008 13824
9909 3915 13824
9945 3879 13824
9963 3861 13824
9972 3852 13824
9992 3832 13824
9999 3825 13824
10017 3807 13824
10044 3780 13824
10071 3753 13824
10092 3732 13824
10128 3696 13824
10161 3663 13824
10179 3645 13824
10200 3624 13824
10233 3591 13824
10272 3552 13824
10464 3360 13824
10476 3348 13824
10548 3276 13824
10608 3216 13824
10624 3200 13824
10668 3156 13824
10672 3152 13824
10719 3105 13824
10728 3096 13824
10784 3040 13824
10827 2997 13824
10872 2952 13824
10881 2943 13824
11008 2816 13824
11124 2700 13824
11178 2646 13824
11184 2640 13824
11196 2628 13824
11205 2619 13824
11268 2556 13824
11280 2544 13824
11286 2538 13824
11352 2472 13824
11364 2460 13824
11400 2424 13824
11456 2368 13824
11616 2208 13824
11628 2196 13824
11718 2106 13824
11736 2088 13824
11760 2064 13824
11880 1944 13824
11934 1890 13824
11961 1863 13824
11968 1856 13824
11988 1836 13824
12015 1809 13824
12160 1664 13824
12312 1512 13824
12416 1408 13824
12420 1404 13824
12480 1344 13824
12544 1280 13824
12636 1188 13824
12960 864 13824
405
13824 768 13056
13824 960 12864
13824 1008 12816
13824 1088 12736
13824 1188 12636
13824 1216 12608
13824 1224 12600
13824 1404 12420
13824 1476 12348
13824 1488 12336
13824 1566 12258
13824 1568 12256
13824 1602 12222
13824 1632 12192
13824 1656 12168
13824 1674 12150
13824 1776 12048
13824 1800 12024
13824 1836 11988
13824 1863 11961
13824 1890 11934
13824 1896 11928
13824 1917 11907
13824 2025 11799
13824 2085 11739
13824 2092 11732
13824 2097 11727
13824 2148 11676
13824 2152 11672
13824 2192 11632
13824 2224 11600
13824 2256 11568
13824 2268 11556
13824 2358 11466
13824 2368 11456
13824 2394 11430
13824 2464 11360
13824 2472 11352
13824 2528 11296
13824 2532 11292
13824 2574 11250
13824 2576 11248
13824 2580 11244
13824 2610 11214
13824 2619 11205
13824 2628 11196
13824 2652 11172
13824 2656 11168
13824 2673 11151
13824 2844 10980
13824 2862 10962
13824 2864 10960
13824 2872 10952
13824 2888 10936
13824 2892 10932
13824 2898 10926
13824 2920 10904
13824 2922 10902
13824 2934 10890
13824 2940 10884
13824 2988 10836
13824 2991 10833
13824 2996 10828
13824 3012 10812
13824 3032 10792
13824 3033 10791
13824 3036 10788
13824 3042 10782
13824 3048 10776
13824 3104 10720
13824 3108 10716
13824 3112 10712
13824 3114 10710
13824 3120 10704
13824 3152 10672
13824 3156 10668
13824 3210 10614
13824 3222 10602
13824 3228 10596
13824 3231 10593
13824 3234 10590
13824 3296 10528
13824 3321 10503
13824 3324 10500
13824 3384 10440
13824 3576 10248
13824 3612 10212
13824 3624 10200
13824 3627 10197
13824 3654 10170
13824 3699 10125
13824 3700 10124
13824 3708 10116
13824 3732 10092
13824 3753 10071
13824 3780 10044
13824 3807 10017
13824 3856 9968
13824 3897 9927
13824 4016 9808
13824 4024 9800
13824 4026 9798
13824 4040 9784
13824 4044 9780
13824 4074 9750
13824 4088 9736
13824 4122 9702
13824 4131 9693
13824 4160 9664
13824 4194 9630
13824 4200 9624
13824 4203 9621
13824 4239 9585
13824 4275 9549
13824 4302 9522
13824 4304 9520
13824 4308 9516
13824 4338 9486
13824 4347 9477
13824 4356 9468
13824 4480 9344
13824 4788 9036
13824 4816 9008
13824 4832 8992
13824 4833 8991
13824 4854 8970
13824 4869 8955
13824 4872 8952
13824 4887 8937
13824 4923 8901
13824 4964 8860
13824 4996 8828
13824 5048 8776
13824 5052 8772
13824 5072 8752
13824 5080 8744
13824 5085 8739
13824 5124 8700
13824 5139 8685
13824 5142 8682
13824 5157 8667
13824 5216 8608
13824 5224 8600
13824 5229 8595
13824 5240 8584
13824 5260 8564
13824 5272 8552
13824 5276 8548
13824 5283 8541
13824 5300 8524
13824 5337 8487
13824 5340 8484
13824 5355 8469
13824 5382 8442
13824 5391 8433
13824 5403 8421
13824 5416 8408
13824 5448 8376
13824 5463 8361
13824 5568 8256
13824 5580 8244
13824 5600 8224
13824 5628 8196
13824 5652 8172
13824 5676 8148
13824 5680 8144
13824 5688 8136
13824 5696 8128
13824 5697 8127
13824 5700 8124
13824 5704 8120
13824 5740 8084
13824 5748 8076
13824 5776 8048
13824 5824 8000
13824 5872 7952
13824 5877 7947
13824 5880 7944
13824 5904 7920
13824 5968 7856
13824 6003 7821
13824 6006 7818
13824 6057 7767
13824 6076 7748
13824 6078 7746
13824 6087 7737
13824 6088 7736
13824 6111 7713
13824 6183 7641
13824 6200 7624
13824 6201 7623
13824 6216 7608
13824 6236 7588
13824 6246 7578
13824 6248 7576
13824 6252 7572
13824 6300 7524
13824 6328 7496
13824 6344 7480
13824 6345 7479
13824 6348 7476
13824 6354 7470
13824 6399 7425
13824 6440 7384
13824 6462 7362
13824 6496 7328
13824 6498 7326
13824 6516 7308
13824 6534 7290
13824 6588 7236
13824 6592 7232
13824 6696 7128
13824 7232 6592
13824 7236 6588
13824 7308 6516
13824 7380 6444
13824 7422 6402
13824 7425 6399
13824 7452 6372
13824 7470 6354
13824 7500 6324
13824 7506 6318
13824 7520 6304
13824 7524 6300
13824 7566 6258
13824 7568 6256
13824 7576 6248
13824 7608 6216
13824 7623 6201
13824 7641 6183
13824 7736 6088
13824 7744 6080
13824 7752 6072
13824 7758 6066
13824 7760 6064
13824 7785 6039
13824 7794 6030
13824 7840 5984
13824 7857 5967
13824 7920 5904
13824 7980 5844
13824 7984 5840
13824 8000 5824
13824 8008 5816
13824 8010 5814
13824 8024 5800
13824 8044 5780
13824 8052 5772
13824 8080 5744
13824 8120 5704
13824 8136 5688
13824 8142 5682
13824 8163 5661
13824 8172 5652
13824 8176 5648
13824 8184 5640
13824 8224 5600
13824 8256 5568
13824 8376 5448
13824 8388 5436
13824 8406 5418
13824 8432 5392
13824 8433 5391
13824 8466 5358
13824 8469 5355
13824 8487 5337
13824 8520 5304
13824 8528 5296
13824 8550 5274
13824 8592 5232
13824 8613 5211
13824 8688 5136
13824 8700 5124
13824 8744 5080
13824 8752 5072
13824 8764 5060
13824 8772 5052
13824 8829 4995
13824 8874 4950
13824 8912 4912
13824 8937 4887
13824 8952 4872
13824 8992 4832
13824 9088 4736
13824 9369 4455
13824 9376 4448
13824 9414 4410
13824 9474 4350
13824 9486 4338
13824 9488 4336
13824 9522 4302
13824 9531 4293
13824 9549 4275
13824 9585 4239
13824 9596 4228
13824 9624 4200
13824 9664 4160
13824 9708 4116
13824 9712 4112
13824 9738 4086
13824 9776 4048
13824 9784 4040
13824 9786 4038
13824 9800 4024
13824 9804 4020
13824 9808 4016
13824 9824 4000
13824 9840 3984
13824 9900 3924
13824 9918 3906
13824 10002 3822
13824 10005 3819
13824 10014 3810
13824 10020 3804
13824 10026 3798
13824 10028 3796
13824 10035 3789
13824 10040 3784
13824 10089 3735
13824 10116 3708
13824 10125 3699
13824 10144 3680
13824 10148 3676
13824 10155 3669
13824 10192 3632
13824 10194 3630
13824 10208 3616
13824 10212 3612
13824 10248 3576
13824 10296 3528
13824 10494 3330
13824 10528 3296
13824 10592 3232
13824 10593 3231
13824 10602 3222
13824 10611 3213
13824 10616 3208
13824 10620 3204
13824 10704 3120
13824 10716 3108
13824 10776 3048
13824 10816 3008
13824 10824 3000
13824 10832 2992
13824 10854 2970
13824 10926 2898
13824 10928 2896
13824 10956 2868
13824 10960 2864
13824 10962 2862
13824 10980 2844
13824 10992 2832
13824 11016 2808
13824 11151 2673
13824 11214 2610
13824 11248 2576
13824 11250 2574
13824 11256 2568
13824 11259 2565
13824 11288 2536
13824 11296 2528
13824 11344 2480
13824 11358 2466
13824 11403 2421
13824 11430 2394
13824 11436 2388
13824 11460 2364
13824 11472 2352
13824 11475 2349
13824 11556 2268
13824 11584 2240
13824 11592 2232
13824 11600 2224
13824 11680 2144
13824 11744 2080
13824 11768 2056
13824 11799 2025
13824 11898 1926
13824 11907 1917
13824 11928 1896
13824 12012 1812
13824 12016 1808
13824 12024 1800
13824 12036 1788
13824 12042 1782
13824 12128 1696
13824 12144 1680
13824 12168 1656
13824 12177 1647
13824 12186 1638
13824 12192 1632
13824 12204 1620
13824 12224 1600
13824 12258 1566
13824 12336 1488
13824 12348 1476
13824 12352 1472
13824 12411 1413
13824 12492 1332
13824 12600 1224
13824 12608 1216
13824 12744 1080
13824 12816 1008
13824 12864 960
13824 13056 768
405
768 13824 13056
960 13824 12864
1008 13824 12816
1080 13824 12744
1216 13824 12608
1224 13824 12600
1332 13824 12492
1413 13824 12411
1472 13824 12352
1476 13824 12348
1488 13824 12336
1566 13824 12258
1600 13824 12224
1620 13824 12204
1632 13824 12192
1638 13824 12186
1647 13824 12177
1656 13824 12168
1680 13824 12144
1696 13824 12128
1782 13824 12042
1788 13824 12036
1800 13824 12024
1808 13824 12016
1812 13824 12012
1896 13824 11928
1917 13824 11907
1926 13824 11898
2025 13824 11799
2056 13824 11768
2080 13824 11744
2144 13824 11680
2224 13824 11600
2232 13824 11592
2240 13824 11584
2268 13824 11556
2349 13824 11475
2352 13824 11472
2364 13824 11460
2388 13824 11436
2394 13824 11430
2421 13824 11403
2466 13824 11358
2480 13824 11344
2528 13824 11296
2536 13824 11288
2565 13824 11259
2568 13824 11256
2574 13824 11250
2576 13824 11248
2610 13824 11214
2673 13824 11151
2808 13824 11016
2832 13824 10992
2844 13824 10980
2862 13824 10962
2864 13824 10960
2868 13824 10956
2896 13824 10928
2898 13824 10926
2970 13824 10854
2992 13824 10832
3000 13824 10824
3008 13824 10816
3048 13824 10776
3108 13824 10716
3120 13824 10704
3204 13824 10620
3208 13824 10616
3213 13824 10611
3222 13824 10602
3231 13824 10593
3232 13824 10592
3296 13824 10528
3330 13824 10494
3528 13824 10296
3576 13824 10248
3612 13824 10212
3616 13824 10208
3630 13824 10194
3632 13824 10192
3669 13824 10155
3676 13824 10148
3680 13824 10144
3699 13824 10125
3708 13824 10116
3735 13824 10089
3784 13824 10040
3789 13824 10035
3796 13824 10028
3798 13824 10026
3804 13824 10020
3810 13824 10014
3819 13824 10005
3822 13824 10002
3906 13824 9918
3924 13824 9900
3984 13824 9840
4000 13824 9824
4016 13824 9808
4020 13824 9804
4024 13824 9800
4038 13824 9786
4040 13824 9784
4048 13824 9776
4086 13824 9738
4112 13824 9712
4116 13824 9708
4160 13824 9664
4200 13824 9624
4228 13824 9596
4239 13824 9585
4275 13824 9549
4293 13824 9531
4302 13824 9522
4336 13824 9488
4338 13824 9486
4350 13824 9474
4410 13824 9414
4448 13824 9376
4455 13824 9369
4736 13824 9088
4832 13824 8992
4872 13824 8952
4887 13824 8937
4912 13824 8912
4950 13824 8874
4995 13824 8829
5052 13824 8772
5060 13824 8764
5072 13824 8752
5080 13824 8744
5124 13824 8700
5136 13824 8688
5211 13824 8613
5232 13824 8592
5274 13824 8550
5296 13824 8528
5304 13824 8520
5337 13824 8487
5355 13824 8469
5358 13824 8466
5391 13824 8433
5392 13824 8432
5418 13824 8406
5436 13824 8388
5448 13824 8376
5568 13824 8256
5600 13824 8224
5640 13824 8184
5648 13824 8176
5652 13824 8172
5661 13824 8163
5682 13824 8142
5688 13824 8136
5704 13824 8120
5744 13824 8080
5772 13824 8052
5780 13824 8044
5800 13824 8024
5814 13824 8010
5816 13824 8008
5824 13824 8000
5840 13824 7984
5844 13824 7980
5904 13824 7920
5967 13824 7857
5984 13824 7840
6030 13824 7794
6039 13824 7785
6064 13824 7760
6066 13824 7758
6072 13824 7752
6080 13824 7744
6088 13824 7736
6183 13824 7641
6201 13824 7623
6216 13824 7608
6248 13824 7576
6256 13824 7568
6258 13824 7566
6300 13824 7524
6304 13824 7520
6318 13824 7506
6324 13824 7500
6354 13824 7470
6372 13824 7452
6399 13824 7425
6402 13824 7422
6444 13824 7380
6516 13824 7308
6588 13824 7236
6592 13824 7232
7128 13824 6696
7232 13824 6592
7236 13824 6588
7290 13824 6534
7308 13824 6516
7326 13824 6498
7328 13824 6496
7362 13824 6462
7384 13824 6440
7425 13824 6399
7470 13824 6354
7476 13824 6348
7479 13824 6345
7480 13824 6344
7496 13824 6328
7524 13824 6300
7572 13824 6252
7576 13824 6248
7578 13824 6246
7588 13824 6236
7608 13824 6216
7623 13824 6201
7624 13824 6200
7641 13824 6183
7713 13824 6111
7736 13824 6088
7737 13824 6087
7746 13824 6078
7748 13824 6076
7767 13824 6057
7818 13824 6006
7821 13824 6003
7856 13824 5968
7920 13824 5904
7944 13824 5880
7947 13824 5877
7952 13824 5872
8000 13824 5824
8048 13824 5776
8076 13824 5748
8084 13824 5740
8120 13824 5704
8124 13824 5700
8127 13824 5697
8128 13824 5696
8136 13824 5688
8144 13824 5680
8148 13824 5676
8172 13824 5652
8196 13824 5628
8224 13824 5600
8244 13824 5580
8256 13824 5568
8361 13824 5463
8376 13824 5448
8408 13824 5416
8421 13824 5403
8433 13824 5391
8442 13824 5382
8469 13824 5355
8484 13824 5340
8487 13824 5337
8524 13824 5300
8541 13824 5283
8548 13824 5276
8552 13824 5272
8564 13824 5260
8584 13824 5240
8595 13824 5229
8600 13824 5224
8608 13824 5216
8667 13824 5157
8682 13824 5142
8685 13824 5139
8700 13824 5124
8739 13824 5085
8744 13824 5080
8752 13824 5072
8772 13824 5052
8776 13824 5048
8828 13824 4996
8860 13824 4964
8901 13824 4923
8937 13824 4887
8952 13824 4872
8955 13824 4869
8970 13824 4854
8991 13824 4833
8992 13824 4832
9008 13824 4816
9036 13824 4788
9344 13824 4480
9468 13824 4356
9477 13824 4347
9486 13824 4338
9516 13824 4308
9520 13824 4304
9522 13824 4302
9549 13824 4275
9585 13824 4239
9621 13824 4203
9624 13824 4200
9630 13824 4194
9664 13824 4160
9693 13824 4131
9702 13824 4122
9736 13824 4088
9750 13824 4074
9780 13824 4044
9784 13824 4040
9798 13824 4026
9800 13824 4024
9808 13824 4016
9927 13824 3897
9968 13824 3856
10017 13824 3807
10044 13824 3780
10071 13824 3753
10092 13824 3732
10116 13824 3708
10124 13824 3700
10125 13824 3699
10170 13824 3654
10197 13824 3627
10200 13824 3624
10212 13824 3612
10248 13824 3576
10440 13824 3384
10500 13824 3324
10503 13824 3321
10528 13824 3296
10590 13824 3234
10593 13824 3231
10596 13824 3228
10602 13824 3222
10614 13824 3210
10668 13824 3156
10672 13824 3152
10704 13824 3120
10710 13824 3114
10712 13824 3112
10716 13824 3108
10720 13824 3104
10776 13824 3048
10782 13824 3042
10788 13824 3036
10791 13824 3033
10792 13824 3032
10812 13824 3012
10828 13824 2996
10833 13824 2991
10836 13824 2988
10884 13824 2940
10890 13824 2934
10902 13824 2922
10904 13824 2920
10926 13824 2898
10932 13824 2892
10936 13824 2888
10952 13824 2872
10960 13824 2864
10962 13824 2862
10980 13824 2844
11151 13824 2673
11168 13824 2656
11172 13824 2652
11196 13824 2628
11205 13824 2619
11214 13824 2610
11244 13824 2580
11248 13824 2576
11250 13824 2574
11292 13824 2532
11296 13824 2528
11352 13824 2472
11360 13824 2464
11430 13824 2394
11456 13824 2368
11466 13824 2358
11556 13824 2268
11568 13824 2256
11600 13824 2224
11632 13824 2192
11672 13824 2152
11676 13824 2148
11727 13824 2097
11732 13824 2092
11739 13824 2085
11799 13824 2025
11907 13824 1917
11928 13824 1896
11934 13824 1890
11961 13824 1863
11988 13824 1836
12024 13824 1800
12048 13824 1776
12150 13824 1674
12168 13824 1656
12192 13824 1632
12222 13824 1602
12256 13824 1568
12258 13824 1566
12336 13824 1488
12348 13824 1476
12420 13824 1404
12600 13824 1224
12608 13824 1216
12636 13824 1188
12736 13824 1088
12816 13824 1008
12864 13824 960
13056 13824 768
405
768 13056 13824
960 12864 13824
1008 12816 13824
1088 12736 13824
1188 12636 13824
1216 12608 13824
1224 12600 13824
1404 12420 13824
1476 12348 13824
1488 12336 13824
1566 12258 13824
1568 12256 13824
1602 12222 13824
1632 12192 13824
1656 12168 13824
1674 12150 13824
1776 12048 13824
1800 12024 13824
1836 11988 13824
1863 11961 13824
1890 11934 13824
1896 11928 13824
1917 11907 13824
2025 11799 13824
2085 11739 13824
2092 11732 13824
2097 11727 13824
2148 11676 13824
2152 11672 13824
2192 11632 13824
2224 11600 13824
2256 11568 13824
2268 11556 13824
2358 11466 13824
2368 11456 13824
2394 11430 13824
2464 11360 13824
2472 11352 13824
2528 11296 13824
2532 11292 13824
2574 11250 13824
2576 11248 13824
2580 11244 13824
2610 11214 13824
2619 11205 13824
2628 11196 13824
2652 11172 13824
2656 11168 13824
2673 11151 13824
2844 10980 13824
2862 10962 13824
2864 10960 13824
2872 10952 13824
2888 10936 13824
2892 10932 13824
2898 10926 13824
2920 10904 13824
2922 10902 13824
2934 10890 13824
2940 10884 13824
2988 10836 13824
2991 10833 13824
2996 10828 13824
3012 10812 13824
3032 10792 13824
3033 10791 13824
3036 10788 13824
3042 10782 13824
3048 10776 13824
3104 10720 13824
3108 10716 13824
3112 10712 13824
3114 10710 13824
3120 10704 13824
3152 10672 13824
3156 10668 13824
3210 10614 13824
3222 10602 13824
3228 10596 13824
3231 10593 13824
3234 10590 13824
3296 10528 13824
3321 10503 13824
3324 10500 13824
3384 10440 13824
3576 10248 13824
3612 10212 13824
3624 10200 13824
3627 10197 13824
3654 10170 13824
3699 10125 13824
3700 10124 13824
3708 10116 13824
3732 10092 13824
3753 10071 13824
3780 10044 13824
3807 10017 13824
3856 9968 13824
3897 9927 13824
4016 9808 13824
4024 9800 13824
4026 9798 13824
4040 9784 13824
4044 9780 13824
4074 9750 13824
4088 9736 13824
4122 9702 13824
4131 9693 13824
4160 9664 13824
4194 9630 13824
4200 9624 13824
4203 9621 13824
4239 9585 13824
4275 9549 13824
4302 9522 13824
4304 9520 13824
4308 9516 13824
4338 9486 13824
4347 9477 13824
4356 9468 13824
4480 9344 13824
4788 9036 13824
4816 9008 13824
4832 8992 13824
4833 8991 13824
4854 8970 13824
4869 8955 13824
4872 8952 13824
4887 8937 13824
4923 8901 13824
4964 8860 13824
4996 8828 13824
5048 8776 13824
5052 8772 13824
5072 8752 13824
5080 8744 13824
5085 8739 13824
5124 8700 13824
5139 8685 13824
5142 8682 13824
5157 8667 13824
5216 8608 13824
5224 8600 13824
5229 8595 13824
5240 8584 13824
5260 8564 13824
5272 8552 13824
5276 8548 13824
5283 8541 13824
5300 8524 13824
5337 8487 13824
5340 8484 13824
5355 8469 13824
5382 8442 13824
5391 8433 13824
5403 8421 13824
5416 8408 13824
5448 8376 13824
5463 8361 13824
5568 8256 13824
5580 8244 13824
5600 8224 13824
5628 8196 13824
5652 8172 13824
5676 8148 13824
5680 8144 13824
5688 8136 13824
5696 8128 13824
5697 8127 13824
5700 8124 13824
5704 8120 13824
5740 8084 13824
5748 8076 13824
5776 8048 13824
5824 8000 13824
5872 7952 13824
5877 7947 13824
5880 7944 13824
5904 7920 13824
5968 7856 13824
6003 7821 13824
6006 7818 13824
6057 7767 13824
6076 7748 13824
6078 7746 13824
6087 7737 13824
6088 7736 13824
6111 7713 13824
6183 7641 13824
6200 7624 13824
6201 7623 13824
6216 7608 13824
6236 7588 13824
6246 7578 13824
6248 7576 13824
6252 7572 13824
6300 7524 13824
6328 7496 13824
6344 7480 13824
6345 7479 13824
6348 7476 13824
6354 7470 13824
6399 7425 13824
6440 7384 13824
6462 7362 13824
6496 7328 13824
6498 7326 13824
6516 7308 13824
6534 7290 13824
6588 7236 13824
6592 7232 13824
6696 7128 13824
7232 6592 13824
7236 6588 13824
7308 6516 13824
7380 6444 13824
7422 6402 13824
7425 6399 13824
7452 6372 13824
7470 6354 13824
7500 6324 13824
7506 6318 13824
7520 6304 13824
7524 6300 13824
7566 6258 13824
7568 6256 13824
7576 6248 13824
7608 6216 13824
7623 6201 13824
7641 6183 13824
7736 6088 13824
7744 6080 13824
7752 6072 13824
7758 6066 13824
7760 6064 13824
7785 6039 13824
7794 6030 13824
7840 5984 13824
7857 5967 13824
7920 5904 13824
7980 5844 13824
7984 5840 13824
8000 5824 13824
8008 5816 13824
8010 5814 13824
8024 5800 13824
8044 5780 13824
8052 5772 13824
8080 5744 13824
8120 5704 13824
8136 5688 13824
8142 5682 13824
8163 5661 13824
8172 5652 13824
8176 5648 13824
8184 5640 13824
8224 5600 13824
8256 5568 13824
8376 5448 13824
8388 5436 13824
8406 5418 13824
8432 5392 13824
8433 5391 13824
8466 5358 13824
8469 5355 13824
8487 5337 13824
8520 5304 13824
8528 5296 13824
8550 5274 13824
8592 5232 13824
8613 5211 13824
8688 5136 13824
8700 5124 13824
8744 5080 13824
8752 5072 13824
8764 5060 13824
8772 5052 13824
8829 4995 13824
8874 4950 13824
8912 4912 13824
8937 4887 13824
8952 4872 13824
8992 4832 13824
9088 4736 13824
9369 4455 13824
9376 4448 13824
9414 4410 13824
9474 4350 13824
9486 4338 13824
9488 4336 13824
9522 4302 13824
9531 4293 13824
9549 4275 13824
9585 4239 13824
9596 4228 13824
9624 4200 13824
9664 4160 13824
9708 4116 13824
9712 4112 13824
9738 4086 13824
9776 4048 13824
9784 4040 13824
9786 4038 13824
9800 4024 13824
9804 4020 13824
9808 4016 13824
9824 4000 13824
9840 3984 13824
9900 3924 13824
9918 3906 13824
10002 3822 13824
10005 3819 13824
10014 3810 13824
10020 3804 13824
10026 3798 13824
10028 3796 13824
10035 3789 13824
10040 3784 13824
10089 3735 13824
10116 3708 13824
10125 3699 13824
10144 3680 13824
10148 3676 13824
10155 3669 13824
10192 3632 13824
10194 3630 13824
10208 3616 13824
10212 3612 13824
10248 3576 13824
10296 3528 13824
10494 3330 13824
10528 3296 13824
10592 3232 13824
10593 3231 13824
10602 3222 13824
10611 3213 13824
10616 3208 13824
10620 3204 13824
10704 3120 13824
10716 3108 13824
10776 3048 13824
10816 3008 13824
10824 3000 13824
10832 2992 13824
10854 2970 13824
10926 2898 13824
10928 2896 13824
10956 2868 13824
10960 2864 13824
10962 2862 13824
10980 2844 13824
10992 2832 13824
11016 2808 13824
11151 2673 13824
11214 2610 13824
11248 2576 13824
11250 2574 13824
11256 2568 13824
11259 2565 13824
11288 2536 13824
11296 2528 13824
11344 2480 13824
11358 2466 13824
11403 2421 13824
11430 2394 13824
11436 2388 13824
11460 2364 13824
11472 2352 13824
11475 2349 13824
11556 2268 13824
11584 2240 13824
11592 2232 13824
11600 2224 13824
11680 2144 13824
11744 2080 13824
11768 2056 13824
11799 2025 13824
11898 1926 13824
11907 1917 13824
11928 1896 13824
12012 1812 13824
12016 1808 13824
12024 1800 13824
12036 1788 13824
12042 1782 13824
12128 1696 13824
12144 1680 13824
12168 1656 13824
12177 1647 13824
12186 1638 13824
12192 1632 13824
12204 1620 13824
12224 1600 13824
12258 1566 13824
12336 1488 13824
12348 1476 13824
12352 1472 13824
12411 1413 13824
12492 1332 13824
12600 1224 13824
12608 1216 13824
12744 1080 13824
12816 1008 13824
12864 960 13824
13056 768 13824
593
13824 832 12992
13824 896 12928
13824 936 12888
13824 972 12852
13824 1116 12708
13824 1134 12690
13824 1215 12609
13824 1284 12540
13824 1312 12512
13824 1323 12501
13824 1328 12496
13824 1332 12492
13824 1350 12474
13824 1368 12456
13824 1416 12408
13824 1422 12402
13824 1424 12400
13824 1464 12360
13824 1485 12339
13824 1500 12324
13824 1504 12320
13824 1560 12264
13824 1572 12252
13824 1604 12220
13824 1611 12213
13824 1638 12186
13824 1647 12177
13824 1648 12176
13824 1665 12159
13824 1672 12152
13824 1688 12136
13824 1692 12132
13824 1696 12128
13824 1782 12042
13824 1788 12036
13824 1808 12016
13824 1809 12015
13824 1812 12012
13824 1816 12008
13824 1854 11970
13824 1860 11964
13824 1899 11925
13824 1926 11898
13824 1998 11826
13824 2028 11796
13824 2040 11784
13824 2043 11781
13824 2054 11770
13824 2056 11768
13824 2061 11763
13824 2082 11742
13824 2096 11728
13824 2115 11709
13824 2136 11688
13824 2154 11670
13824 2164 11660
13824 2172 11652
13824 2178 11646
13824 2187 11637
13824 2214 11610
13824 2244 11580
13824 2349 11475
13824 2352 11472
13824 2388 11436
13824 2397 11427
13824 2416 11408
13824 2421 11403
13824 2460 11364
13824 2466 11358
13824 2475 11349
13824 2480 11344
13824 2536 11288
13824 2540 11284
13824 2570 11254
13824 2571 11253
13824 2583 11241
13824 2604 11220
13824 2612 11212
13824 2650 11174
13824 2670 11154
13824 2712 11112
13824 2826 10998
13824 2850 10974
13824 2852 10972
13824 2868 10956
13824 2871 10953
13824 2886 10938
13824 2890 10934
13824 2900 10924
13824 2901 10923
13824 2925 10899
13824 2948 10876
13824 2984 10840
13824 3027 10797
13824 3044 10780
13824 3045 10779
13824 3060 10764
13824 3116 10708
13824 3135 10689
13824 3150 10674
13824 3162 10662
13824 3164 10660
13824 3165 10659
13824 3174 10650
13824 3180 10644
13824 3208 10616
13824 3212 10612
13824 3220 10604
