30
0 106 40 3352 333 3558 2172 5370 1958 7004 9499 2748 4443 1090 6983 5644 416 1652 8155 6856 7644 8277 9596 2195 4268 9526 8396 9233 8109 4511 
106 0 6048 6617 5998 5492 7201 1140 4062 1215 6713 4749 4911 5643 3445 8688 2645 1799 4231 6948 1637 5383 6455 6234 31 7873 2690 4611 3866 3769 
40 6048 0 5812 6035 2799 1706 8052 2950 3339 4087 2405 4140 543 4941 9837 17 4099 698 740 2544 9747 3552 4050 1972 1971 2117 2491 7582 8894 
3352 6617 5812 0 9054 7360 4614 5316 353 1306 4581 4840 5970 2533 1146 7014 6493 8863 8756 428 5535 5108 6209 7711 2537 2171 2360 3355 5663 1329 
333 5998 6035 9054 0 6142 311 9487 2128 8083 6291 7151 7324 5520 5716 1680 3324 8696 8245 6148 9536 9914 9821 7376 5098 2954 7181 2858 6399 4925 
3558 5492 2799 7360 6142 0 1752 5592 3840 7745 3887 6509 1271 1449 3364 9190 6545 6485 7094 6556 6614 7210 9977 4212 5622 3768 9837 147 9421 4524 
2172 7201 1706 4614 311 1752 0 2374 5464 4946 6263 7078 5833 7898 4325 37 8357 7160 9867 4573 3529 9392 6445 5648 6986 2235 3099 8984 722 9572 
5370 1140 8052 5316 9487 5592 2374 0 6128 819 8473 7272 6748 9251 4938 2859 6809 3097 3548 7554 9775 9210 2446 4104 9136 4196 3386 8858 1459 1454 
1958 4062 2950 353 2128 3840 5464 6128 0 3224 1518 6244 9495 2696 1002 9796 2457 2168 854 5278 8779 9051 2653 6149 8938 6553 834 5166 8229 8480 
7004 1215 3339 1306 8083 7745 4946 819 3224 0 7384 6142 5478 9745 9829 643 3667 7300 972 6814 3387 1158 3791 2524 5049 204 9962 13 823 2472 
9499 6713 4087 4581 6291 3887 6263 8473 1518 7384 0 5429 4229 2201 4596 1463 2047 4158 88 4643 4553 1820 1176 4207 9582 596 3840 199 6695 5707 
2748 4749 2405 4840 7151 6509 7078 7272 6244 6142 5429 0 779 853 1789 2038 1959 2662 3524 267 7457 1544 8746 201 2278 8577 9110 7248 7820 8707 
4443 4911 4140 5970 7324 1271 5833 6748 9495 5478 4229 779 0 6080 2985 9701 5893 6492 5732 6614 3109 5873 2091 9907 648 1703 5379 8567 1166 3805 
1090 5643 543 2533 5520 1449 7898 9251 2696 9745 2201 853 6080 0 1887 9313 4897 4047 918 6466 3491 2555 9524 1289 5891 2615 7891 5498 4706 1449 
6983 3445 4941 1146 5716 3364 4325 4938 1002 9829 4596 1789 2985 1887 0 6305 8611 6507 9065 9642 3835 4489 2356 304 2179 6928 6643 5563 9469 9885 
5644 8688 9837 7014 1680 9190 37 2859 9796 643 1463 2038 9701 9313 6305 0 1843 227 5974 7574 5457 583 3300 8857 9563 538 8272 3277 3999 5913 
416 2645 17 6493 3324 6545 8357 6809 2457 3667 2047 1959 5893 4897 8611 1843 0 8467 5092 2916 7817 9101 8718 6919 1036 5942 4056 7936 8384 3955 
1652 1799 4099 8863 8696 6485 7160 3097 2168 7300 4158 2662 6492 4047 6507 227 8467 0 5101 9050 6948 6356 299 6447 7163 3755 8082 5682 656 8095 
8155 4231 698 8756 8245 7094 9867 3548 854 972 88 3524 5732 918 9065 5974 5092 5101 0 6007 9456 7801 1057 6955 9079 913 1629 810 6808 4032 
6856 6948 740 428 6148 6556 4573 7554 5278 6814 4643 267 6614 6466 9642 7574 2916 9050 6007 0 2517 5074 1262 5215 99 2835 3079 2298 7597 1540 
7644 1637 2544 5535 9536 6614 3529 9775 8779 3387 4553 7457 3109 3491 3835 5457 7817 6948 9456 2517 0 3024 8040 6157 1010 9724 5613 3533 4124 9211 
8277 5383 9747 5108 9914 7210 9392 9210 9051 1158 1820 1544 5873 2555 4489 583 9101 6356 7801 5074 3024 0 345 5047 8622 3481 8684 6537 3453 237 
9596 6455 3552 6209 9821 9977 6445 2446 2653 3791 1176 8746 2091 9524 2356 3300 8718 299 1057 1262 8040 345 0 301 3944 8117 1013 4274 9266 8432 
2195 6234 4050 7711 7376 4212 5648 4104 6149 2524 4207 201 9907 1289 304 8857 6919 6447 6955 5215 6157 5047 301 0 9865 5292 7536 7159 9813 821 
4268 31 1972 2537 5098 5622 6986 9136 8938 5049 9582 2278 648 5891 2179 9563 1036 7163 9079 99 1010 8622 3944 9865 0 4528 2933 9227 5154 9867 
9526 7873 1971 2171 2954 3768 2235 4196 6553 204 596 8577 1703 2615 6928 538 5942 3755 913 2835 9724 3481 8117 5292 4528 0 5931 5344 1306 5246 
8396 2690 2117 2360 7181 9837 3099 3386 834 9962 3840 9110 5379 7891 6643 8272 4056 8082 1629 3079 5613 8684 1013 7536 2933 5931 0 3716 7096 6667 
9233 4611 2491 3355 2858 147 8984 8858 5166 13 199 7248 8567 5498 5563 3277 7936 5682 810 2298 3533 6537 4274 7159 9227 5344 3716 0 2417 5693 
8109 3866 7582 5663 6399 9421 722 1459 8229 823 6695 7820 1166 4706 9469 3999 8384 656 6808 7597 4124 3453 9266 9813 5154 1306 7096 2417 0 4447 
4511 3769 8894 1329 4925 4524 9572 1454 8480 2472 5707 8707 3805 1449 9885 5913 3955 8095 4032 1540 9211 237 8432 821 9867 5246 6667 5693 4447 0 

5 
0 2 3 1 4
2 0 5 3 2
3 5 0 7 5
1 3 7 0 1
4 2 5 1 0
