2
578 1150 1728
1154 574 1728
6
1728 16 1712
1728 19 1709
1728 91 1637
1728 1423 305
1728 1711 17
1728 1712 16
2
433 1728 1295
1297 1728 431
4
15 1713 1728
345 1383 1728
1383 345 1728
1713 15 1728
4
1728 14 1714
1728 494 1234
1728 1234 494
1728 1714 14
2
7777 20736 12959
12961 20736 7775
2
20736 7775 12961
20736 12959 7777
4
5188 15548 20736
7777 12959 20736
12961 7775 20736
15556 5180 20736
1
15638 23457 7819
2
7819 15638 23457
15638 7819 23457
2
23457 7819 15638
23457 15638 7819
3
6702 23457 16755
7819 23457 15638
13404 23457 10053
5
6702 16755 23457
8936 14521 23457
10053 13404 23457
13404 10053 23457
16755 6702 23457
6
1818 10201 8383
2828 10201 7373
3030 10201 7171
4444 10201 5757
6262 10201 3939
6464 10201 3737
12
2222 7979 10201
3030 7171 10201
3737 6464 10201
3939 6262 10201
4444 5757 10201
5757 4444 10201
6262 3939 10201
6464 3737 10201
7171 3030 10201
7373 2828 10201
7878 2323 10201
8383 1818 10201
168
108 1489 1597
111 1486 1597
116 1481 1597
119 1478 1597
124 1473 1597
125 1472 1597
127 1470 1597
136 1461 1597
140 1457 1597
147 1450 1597
150 1447 1597
158 1439 1597
169 1428 1597
179 1418 1597
189 1408 1597
196 1401 1597
197 1400 1597
202 1395 1597
210 1387 1597
211 1386 1597
220 1377 1597
222 1375 1597
223 1374 1597
225 1372 1597
231 1366 1597
239 1358 1597
254 1343 1597
270 1327 1597
278 1319 1597
285 1312 1597
286 1311 1597
299 1298 1597
308 1289 1597
311 1286 1597
313 1284 1597
314 1283 1597
325 1272 1597
326 1271 1597
357 1240 1597
387 1210 1597
390 1207 1597
417 1180 1597
444 1153 1597
446 1151 1597
449 1148 1597
453 1144 1597
477 1120 1597
478 1119 1597
481 1116 1597
503 1094 1597
514 1083 1597
517 1080 1597
546 1051 1597
547 1050 1597
553 1044 1597
556 1041 1597
571 1026 1597
583 1014 1597
592 1005 1597
601 996 1597
653 944 1597
671 926 1597
672 925 1597
693 904 1597
719 878 1597
724 873 1597
729 868 1597
740 857 1597
741 856 1597
755 842 1597
756 841 1597
757 840 1597
761 836 1597
767 830 1597
825 772 1597
829 768 1597
830 767 1597
832 765 1597
835 762 1597
836 761 1597
837 760 1597
840 757 1597
841 756 1597
842 755 1597
843 754 1597
845 752 1597
868 729 1597
872 725 1597
873 724 1597
878 719 1597
885 712 1597
889 708 1597
902 695 1597
910 687 1597
915 682 1597
939 658 1597
940 657 1597
944 653 1597
946 651 1597
951 646 1597
952 645 1597
953 644 1597
963 634 1597
989 608 1597
993 604 1597
1005 592 1597
1014 583 1597
1021 576 1597
1036 561 1597
1050 547 1597
1080 517 1597
1082 515 1597
1083 514 1597
1094 503 1597
1116 481 1597
1124 473 1597
1131 466 1597
1133 464 1597
1137 460 1597
1143 454 1597
1151 446 1597
1172 425 1597
1186 411 1597
1210 387 1597
1211 386 1597
1240 357 1597
1247 350 1597
1268 329 1597
1270 327 1597
1271 326 1597
1287 310 1597
1289 308 1597
1297 300 1597
1301 296 1597
1319 278 1597
1324 273 1597
1326 271 1597
1327 270 1597
1343 254 1597
1357 240 1597
1364 233 1597
1365 232 1597
1366 231 1597
1372 225 1597
1374 223 1597
1375 222 1597
1377 220 1597
1389 208 1597
1401 196 1597
1407 190 1597
1408 189 1597
1413 184 1597
1416 181 1597
1417 180 1597
1427 170 1597
1428 169 1597
1430 167 1597
1432 165 1597
1440 157 1597
1441 156 1597
1444 153 1597
1449 148 1597
1457 140 1597
1462 135 1597
1470 127 1597
1480 117 1597
1481 116 1597
1486 111 1597
168
1597 108 1489
1597 111 1486
1597 116 1481
1597 119 1478
1597 124 1473
1597 125 1472
1597 127 1470
1597 136 1461
1597 140 1457
1597 147 1450
1597 150 1447
1597 158 1439
1597 169 1428
1597 179 1418
1597 189 1408
1597 196 1401
1597 197 1400
1597 202 1395
1597 210 1387
1597 211 1386
1597 220 1377
1597 222 1375
1597 223 1374
1597 225 1372
1597 231 1366
1597 239 1358
1597 254 1343
1597 270 1327
1597 278 1319
1597 285 1312
1597 286 1311
1597 299 1298
1597 308 1289
1597 311 1286
1597 313 1284
1597 314 1283
1597 325 1272
1597 326 1271
1597 357 1240
1597 387 1210
1597 390 1207
1597 417 1180
1597 444 1153
1597 446 1151
1597 449 1148
1597 453 1144
1597 477 1120
1597 478 1119
1597 481 1116
1597 503 1094
1597 514 1083
1597 517 1080
1597 546 1051
1597 547 1050
1597 553 1044
1597 556 1041
1597 571 1026
1597 583 1014
1597 592 1005
1597 601 996
1597 653 944
1597 671 926
1597 672 925
1597 693 904
1597 719 878
1597 724 873
1597 729 868
1597 740 857
1597 741 856
1597 755 842
1597 756 841
1597 757 840
1597 761 836
1597 767 830
1597 825 772
1597 829 768
1597 830 767
1597 832 765
1597 835 762
1597 836 761
1597 837 760
1597 840 757
1597 841 756
1597 842 755
1597 843 754
1597 845 752
1597 868 729
1597 872 725
1597 873 724
1597 878 719
1597 885 712
1597 889 708
1597 902 695
1597 910 687
1597 915 682
1597 939 658
1597 940 657
1597 944 653
1597 946 651
1597 951 646
1597 952 645
1597 953 644
1597 963 634
1597 989 608
1597 993 604
1597 1005 592
1597 1014 583
1597 1021 576
1597 1036 561
1597 1050 547
1597 1080 517
1597 1082 515
1597 1083 514
1597 1094 503
1597 1116 481
1597 1124 473
1597 1131 466
1597 1133 464
1597 1137 460
1597 1143 454
1597 1151 446
1597 1172 425
1597 1186 411
1597 1210 387
1597 1211 386
1597 1240 357
1597 1247 350
1597 1268 329
1597 1270 327
1597 1271 326
1597 1287 310
1597 1289 308
1597 1297 300
1597 1301 296
1597 1319 278
1597 1324 273
1597 1326 271
1597 1327 270
1597 1343 254
1597 1357 240
1597 1364 233
1597 1365 232
1597 1366 231
1597 1372 225
1597 1374 223
1597 1375 222
1597 1377 220
1597 1389 208
1597 1401 196
1597 1407 190
1597 1408 189
1597 1413 184
1597 1416 181
1597 1417 180
1597 1427 170
1597 1428 169
1597 1430 167
1597 1432 165
1597 1440 157
1597 1441 156
1597 1444 153
1597 1449 148
1597 1457 140
1597 1462 135
1597 1470 127
1597 1480 117
1597 1481 116
1597 1486 111
132
98 1597 1499
104 1597 1493
108 1597 1489
111 1597 1486
117 1597 1480
127 1597 1470
135 1597 1462
136 1597 1461
150 1597 1447
153 1597 1444
157 1597 1440
158 1597 1439
165 1597 1432
167 1597 1430
169 1597 1428
181 1597 1416
189 1597 1408
223 1597 1374
225 1597 1372
231 1597 1366
233 1597 1364
256 1597 1341
271 1597 1326
273 1597 1324
327 1597 1270
329 1597 1268
344 1597 1253
357 1597 1240
380 1597 1217
387 1597 1210
411 1597 1186
412 1597 1185
420 1597 1177
425 1597 1172
440 1597 1157
473 1597 1124
478 1597 1119
481 1597 1116
502 1597 1095
503 1597 1094
504 1597 1093
515 1597 1082
516 1597 1081
517 1597 1080
544 1597 1053
546 1597 1051
547 1597 1050
554 1597 1043
556 1597 1041
561 1597 1036
583 1597 1014
630 1597 967
645 1597 952
651 1597 946
653 1597 944
654 1597 943
657 1597 940
687 1597 910
695 1597 902
719 1597 878
725 1597 872
729 1597 868
740 1597 857
746 1597 851
755 1597 842
757 1597 840
761 1597 836
765 1597 832
766 1597 831
767 1597 830
824 1597 773
841 1597 756
857 1597 740
872 1597 725
873 1597 724
902 1597 695
906 1597 691
925 1597 672
940 1597 657
952 1597 645
954 1597 643
962 1597 635
982 1597 615
984 1597 613
1002 1597 595
1005 1597 592
1041 1597 556
1051 1597 546
1082 1597 515
1083 1597 514
1119 1597 478
1150 1597 447
1151 1597 446
1153 1597 444
1186 1597 411
1190 1597 407
1192 1597 405
1204 1597 393
1207 1597 390
1250 1597 347
1271 1597 326
1283 1597 314
1289 1597 308
1308 1597 289
1311 1597 286
1319 1597 278
1326 1597 271
1327 1597 270
1334 1597 263
1343 1597 254
1375 1597 222
1377 1597 220
1387 1597 210
1395 1597 202
1401 1597 196
1416 1597 181
1430 1597 167
1432 1597 165
1436 1597 161
1439 1597 158
1444 1597 153
1447 1597 150
1457 1597 140
1461 1597 136
1462 1597 135
1466 1597 131
1473 1597 124
1481 1597 116
1488 1597 109
1489 1597 108
1492 1597 105
1498 1597 99
106
92 1505 1597
98 1499 1597
99 1498 1597
104 1493 1597
105 1492 1597
109 1488 1597
112 1485 1597
131 1466 1597
135 1462 1597
153 1444 1597
161 1436 1597
165 1432 1597
167 1430 1597
181 1416 1597
256 1341 1597
263 1334 1597
271 1326 1597
289 1308 1597
347 1250 1597
380 1217 1597
393 1204 1597
405 1192 1597
407 1190 1597
408 1189 1597
411 1186 1597
412 1185 1597
440 1157 1597
447 1150 1597
454 1143 1597
502 1095 1597
515 1082 1597
542 1055 1597
544 1053 1597
564 1033 1597
595 1002 1597
613 984 1597
615 982 1597
622 975 1597
630 967 1597
635 962 1597
643 954 1597
644 953 1597
645 952 1597
654 943 1597
657 940 1597
691 906 1597
695 902 1597
716 881 1597
725 872 1597
736 861 1597
752 845 1597
772 825 1597
773 824 1597
831 766 1597
846 751 1597
851 746 1597
856 741 1597
857 740 1597
904 693 1597
906 691 1597
920 677 1597
943 654 1597
954 643 1597
967 630 1597
968 629 1597
982 615 1597
996 601 1597
1041 556 1597
1043 554 1597
1044 553 1597
1051 546 1597
1053 544 1597
1081 516 1597
1093 504 1597
1095 502 1597
1119 478 1597
1150 447 1597
1157 440 1597
1177 420 1597
1185 412 1597
1190 407 1597
1204 393 1597
1206 391 1597
1212 385 1597
1217 380 1597
1244 353 1597
1253 344 1597
1298 299 1597
1328 269 1597
1341 256 1597
1358 239 1597
1436 161 1597
1439 158 1597
1447 150 1597
1450 147 1597
1460 137 1597
1461 136 1597
1466 131 1597
1472 125 1597
1482 115 1597
1488 109 1597
1489 108 1597
1492 105 1597
1493 104 1597
1499 98 1597
1502 95 1597
106
1597 92 1505
1597 98 1499
1597 99 1498
1597 104 1493
1597 105 1492
1597 109 1488
1597 112 1485
1597 131 1466
1597 135 1462
1597 153 1444
1597 161 1436
1597 165 1432
1597 167 1430
1597 181 1416
1597 256 1341
1597 263 1334
1597 271 1326
1597 289 1308
1597 347 1250
1597 380 1217
1597 393 1204
1597 405 1192
1597 407 1190
1597 408 1189
1597 411 1186
1597 412 1185
1597 440 1157
1597 447 1150
1597 454 1143
1597 502 1095
1597 515 1082
1597 542 1055
1597 544 1053
1597 564 1033
1597 595 1002
1597 613 984
1597 615 982
1597 622 975
1597 630 967
1597 635 962
1597 643 954
1597 644 953
1597 645 952
1597 654 943
1597 657 940
1597 691 906
1597 695 902
1597 716 881
1597 725 872
1597 736 861
1597 752 845
1597 772 825
1597 773 824
1597 831 766
1597 846 751
1597 851 746
1597 856 741
1597 857 740
1597 904 693
1597 906 691
1597 920 677
1597 943 654
1597 954 643
1597 967 630
1597 968 629
1597 982 615
1597 996 601
1597 1041 556
1597 1043 554
1597 1044 553
1597 1051 546
1597 1053 544
1597 1081 516
1597 1093 504
1597 1095 502
1597 1119 478
1597 1150 447
1597 1157 440
1597 1177 420
1597 1185 412
1597 1190 407
1597 1204 393
1597 1206 391
1597 1212 385
1597 1217 380
1597 1244 353
1597 1253 344
1597 1298 299
1597 1328 269
1597 1341 256
1597 1358 239
1597 1436 161
1597 1439 158
1597 1447 150
1597 1450 147
1597 1460 137
1597 1461 136
1597 1466 131
1597 1472 125
1597 1482 115
1597 1488 109
1597 1489 108
1597 1492 105
1597 1493 104
1597 1499 98
1597 1502 95
90
92 1597 1505
95 1597 1502
105 1597 1492
109 1597 1488
112 1597 1485
115 1597 1482
118 1597 1479
120 1597 1477
124 1597 1473
125 1597 1472
131 1597 1466
134 1597 1463
137 1597 1460
147 1597 1450
161 1597 1436
176 1597 1421
212 1597 1385
218 1597 1379
239 1597 1358
269 1597 1328
299 1597 1298
353 1597 1244
356 1597 1241
385 1597 1212
391 1597 1206
393 1597 1204
407 1597 1190
408 1597 1189
447 1597 1150
458 1597 1139
480 1597 1117
553 1597 1044
564 1597 1033
601 1597 996
615 1597 982
620 1597 977
622 1597 975
629 1597 968
642 1597 955
643 1597 954
666 1597 931
677 1597 920
691 1597 906
693 1597 904
741 1597 856
751 1597 846
825 1597 772
845 1597 752
861 1597 736
870 1597 727
881 1597 716
898 1597 699
920 1597 677
943 1597 654
953 1597 644
967 1597 630
975 1597 622
1033 1597 564
1053 1597 544
1055 1597 542
1095 1597 502
1136 1597 461
1143 1597 454
1157 1597 440
1172 1597 425
1185 1597 412
1189 1597 408
1212 1597 385
1217 1597 380
1246 1597 351
1282 1597 315
1324 1597 273
1328 1597 269
1341 1597 256
1344 1597 253
1352 1597 245
1394 1597 203
1424 1597 173
1460 1597 137
1480 1597 117
1484 1597 113
1485 1597 112
1493 1597 104
1496 1597 101
1499 1597 98
1500 1597 97
1502 1597 95
1505 1597 92
1506 1597 91
1512 1597 85
92
85 1512 1597
91 1506 1597
95 1502 1597
96 1501 1597
97 1500 1597
101 1496 1597
113 1484 1597
117 1480 1597
118 1479 1597
120 1477 1597
128 1469 1597
132 1465 1597
137 1460 1597
173 1424 1597
198 1399 1597
203 1394 1597
218 1379 1597
230 1367 1597
245 1352 1597
253 1344 1597
262 1335 1597
269 1328 1597
273 1324 1597
315 1282 1597
316 1281 1597
324 1273 1597
351 1246 1597
354 1243 1597
356 1241 1597
368 1229 1597
385 1212 1597
420 1177 1597
425 1172 1597
458 1139 1597
461 1136 1597
470 1127 1597
480 1117 1597
492 1105 1597
498 1099 1597
504 1093 1597
522 1075 1597
580 1017 1597
600 997 1597
620 977 1597
666 931 1597
677 920 1597
699 898 1597
727 870 1597
738 859 1597
764 833 1597
774 823 1597
824 773 1597
931 666 1597
955 642 1597
962 635 1597
975 622 1597
977 620 1597
1002 595 1597
1026 571 1597
1033 564 1597
1117 480 1597
1136 461 1597
1139 458 1597
1189 408 1597
1192 405 1597
1241 356 1597
1246 351 1597
1250 347 1597
1282 315 1597
1288 309 1597
1334 263 1597
1344 253 1597
1379 218 1597
1385 212 1597
1394 203 1597
1396 201 1597
1414 183 1597
1418 179 1597
1421 176 1597
1424 173 1597
1434 163 1597
1463 134 1597
1473 124 1597
1477 120 1597
1479 118 1597
1485 112 1597
1496 101 1597
1500 97 1597
1504 93 1597
1505 92 1597
1506 91 1597
1512 85 1597
92
1597 85 1512
1597 91 1506
1597 95 1502
1597 96 1501
1597 97 1500
1597 101 1496
1597 113 1484
1597 117 1480
1597 118 1479
1597 120 1477
1597 128 1469
1597 132 1465
1597 137 1460
1597 173 1424
1597 198 1399
1597 203 1394
1597 218 1379
1597 230 1367
1597 245 1352
1597 253 1344
1597 262 1335
1597 269 1328
1597 273 1324
1597 315 1282
1597 316 1281
1597 324 1273
1597 351 1246
1597 354 1243
1597 356 1241
1597 368 1229
1597 385 1212
1597 420 1177
1597 425 1172
1597 458 1139
1597 461 1136
1597 470 1127
1597 480 1117
1597 492 1105
1597 498 1099
1597 504 1093
1597 522 1075
1597 580 1017
1597 600 997
1597 620 977
1597 666 931
1597 677 920
1597 699 898
1597 727 870
1597 738 859
1597 764 833
1597 774 823
1597 824 773
1597 931 666
1597 955 642
1597 962 635
1597 975 622
1597 977 620
1597 1002 595
1597 1026 571
1597 1033 564
1597 1117 480
1597 1136 461
1597 1139 458
1597 1189 408
1597 1192 405
1597 1241 356
1597 1246 351
1597 1250 347
1597 1282 315
1597 1288 309
1597 1334 263
1597 1344 253
1597 1379 218
1597 1385 212
1597 1394 203
1597 1396 201
1597 1414 183
1597 1418 179
1597 1421 176
1597 1424 173
1597 1434 163
1597 1463 134
1597 1473 124
1597 1477 120
1597 1479 118
1597 1485 112
1597 1496 101
1597 1500 97
1597 1504 93
1597 1505 92
1597 1506 91
1597 1512 85
88
74 1597 1523
85 1597 1512
88 1597 1509
91 1597 1506
93 1597 1504
96 1597 1501
97 1597 1500
101 1597 1496
102 1597 1495
126 1597 1471
128 1597 1469
132 1597 1465
163 1597 1434
173 1597 1424
179 1597 1418
183 1597 1414
198 1597 1399
201 1597 1396
203 1597 1394
230 1597 1367
253 1597 1344
262 1597 1335
263 1597 1334
304 1597 1293
309 1597 1288
315 1597 1282
316 1597 1281
347 1597 1250
351 1597 1246
368 1597 1229
394 1597 1203
405 1597 1192
461 1597 1136
470 1597 1127
490 1597 1107
492 1597 1105
498 1597 1099
522 1597 1075
542 1597 1055
548 1597 1049
571 1597 1026
595 1597 1002
635 1597 962
716 1597 881
736 1597 861
738 1597 859
773 1597 824
823 1597 774
833 1597 764
859 1597 738
928 1597 669
931 1597 666
977 1597 620
997 1597 600
1000 1597 597
1017 1597 580
1052 1597 545
1056 1597 541
1075 1597 522
1093 1597 504
1099 1597 498
1105 1597 492
1117 1597 480
1127 1597 470
1139 1597 458
1177 1597 420
1229 1597 368
1241 1597 356
1243 1597 354
1273 1597 324
1281 1597 316
1288 1597 309
1290 1597 307
1335 1597 262
1340 1597 257
1367 1597 230
1379 1597 218
1399 1597 198
1414 1597 183
1465 1597 132
1469 1597 128
1477 1597 120
1479 1597 118
1482 1597 115
1490 1597 107
1501 1597 96
1504 1597 93
1510 1597 87
80
70 1527 1597
74 1523 1597
87 1510 1597
88 1509 1597
93 1504 1597
102 1495 1597
107 1490 1597
110 1487 1597
115 1482 1597
126 1471 1597
134 1463 1597
146 1451 1597
176 1421 1597
183 1414 1597
212 1385 1597
257 1340 1597
304 1293 1597
307 1290 1597
309 1288 1597
336 1261 1597
362 1235 1597
392 1205 1597
394 1203 1597
404 1193 1597
490 1107 1597
541 1056 1597
545 1052 1597
548 1049 1597
558 1039 1597
560 1037 1597
570 1027 1597
597 1000 1597
616 981 1597
636 961 1597
642 955 1597
669 928 1597
686 911 1597
859 738 1597
861 736 1597
870 727 1597
881 716 1597
886 711 1597
898 699 1597
928 669 1597
984 613 1597
1049 548 1597
1052 545 1597
1055 542 1597
1075 522 1597
1076 521 1597
1099 498 1597
1105 492 1597
1107 490 1597
1127 470 1597
1203 394 1597
1229 368 1597
1281 316 1597
1293 304 1597
1306 291 1597
1314 283 1597
1335 262 1597
1340 257 1597
1352 245 1597
1367 230 1597
1399 198 1597
1456 141 1597
1465 132 1597
1469 128 1597
1471 126 1597
1484 113 1597
1495 102 1597
1498 99 1597
1501 96 1597
1509 88 1597
1510 87 1597
1514 83 1597
1518 79 1597
1520 77 1597
1522 75 1597
1523 74 1597
80
1597 70 1527
1597 74 1523
1597 87 1510
1597 88 1509
1597 93 1504
1597 102 1495
1597 107 1490
1597 110 1487
1597 115 1482
1597 126 1471
1597 134 1463
1597 146 1451
1597 176 1421
1597 183 1414
1597 212 1385
1597 257 1340
1597 304 1293
1597 307 1290
1597 309 1288
1597 336 1261
1597 362 1235
1597 392 1205
1597 394 1203
1597 404 1193
1597 490 1107
1597 541 1056
1597 545 1052
1597 548 1049
1597 558 1039
1597 560 1037
1597 570 1027
1597 597 1000
1597 616 981
1597 636 961
1597 642 955
1597 669 928
1597 686 911
1597 859 738
1597 861 736
1597 870 727
1597 881 716
1597 886 711
1597 898 699
1597 928 669
1597 984 613
1597 1049 548
1597 1052 545
1597 1055 542
1597 1075 522
1597 1076 521
1597 1099 498
1597 1105 492
1597 1107 490
1597 1127 470
1597 1203 394
1597 1229 368
1597 1281 316
1597 1293 304
1597 1306 291
1597 1314 283
1597 1335 262
1597 1340 257
1597 1352 245
1597 1367 230
1597 1399 198
1597 1456 141
1597 1465 132
1597 1469 128
1597 1471 126
1597 1484 113
1597 1495 102
1597 1498 99
1597 1501 96
1597 1509 88
1597 1510 87
1597 1514 83
1597 1518 79
1597 1520 77
1597 1522 75
1597 1523 74
72
75 1597 1522
77 1597 1520
79 1597 1518
83 1597 1514
87 1597 1510
90 1597 1507
99 1597 1498
113 1597 1484
141 1597 1456
146 1597 1451
245 1597 1352
257 1597 1340
264 1597 1333
283 1597 1314
291 1597 1306
324 1597 1273
336 1597 1261
362 1597 1235
404 1597 1193
521 1597 1076
545 1597 1052
558 1597 1039
560 1597 1037
580 1597 1017
613 1597 984
669 1597 928
686 1597 911
699 1597 898
711 1597 886
727 1597 870
764 1597 833
774 1597 823
834 1597 763
886 1597 711
911 1597 686
955 1597 642
961 1597 636
981 1597 616
1027 1597 570
1037 1597 560
1039 1597 558
1049 1597 548
1074 1597 523
1076 1597 521
1107 1597 490
1193 1597 404
1203 1597 394
1205 1597 392
1228 1597 369
1235 1597 362
1261 1597 336
1293 1597 304
1306 1597 291
1314 1597 283
1385 1597 212
1396 1597 201
1421 1597 176
1426 1597 171
1434 1597 163
1451 1597 146
1456 1597 141
1463 1597 134
1471 1597 126
1487 1597 110
1495 1597 102
1509 1597 88
1514 1597 83
1518 1597 79
1520 1597 77
1522 1597 75
1523 1597 74
1527 1597 70
54
60 1537 1597
72 1525 1597
75 1522 1597
77 1520 1597
79 1518 1597
82 1515 1597
83 1514 1597
86 1511 1597
90 1507 1597
130 1467 1597
141 1456 1597
142 1455 1597
163 1434 1597
171 1426 1597
201 1396 1597
244 1353 1597
264 1333 1597
283 1314 1597
291 1306 1597
322 1275 1597
346 1251 1597
369 1228 1597
484 1113 1597
521 1076 1597
523 1074 1597
711 886 1597
730 867 1597
763 834 1597
776 821 1597
782 815 1597
816 781 1597
823 774 1597
833 764 1597
834 763 1597
911 686 1597
1000 597 1597
1017 580 1597
1037 560 1597
1039 558 1597
1056 541 1597
1074 523 1597
1106 491 1597
1188 409 1597
1193 404 1597
1228 369 1597
1235 362 1597
1261 336 1597
1273 324 1597
1290 307 1597
1333 264 1597
1426 171 1597
1451 146 1597
1490 107 1597
1507 90 1597
316
230 3951 4181
249 3932 4181
252 3929 4181
257 3924 4181
276 3905 4181
281 3900 4181
284 3897 4181
313 3868 4181
314 3867 4181
319 3862 4181
324 3857 4181
345 3836 4181
352 3829 4181
353 3828 4181
354 3827 4181
356 3825 4181
357 3824 4181
362 3819 4181
376 3805 4181
385 3796 4181
401 3780 4181
422 3759 4181
428 3753 4181
460 3721 4181
471 3710 4181
482 3699 4181
488 3693 4181
503 3678 4181
508 3673 4181
528 3653 4181
529 3652 4181
532 3649 4181
559 3622 4181
571 3610 4181
579 3602 4181
581 3600 4181
587 3594 4181
589 3592 4181
609 3572 4181
619 3562 4181
623 3558 4181
631 3550 4181
654 3527 4181
659 3522 4181
661 3520 4181
674 3507 4181
684 3497 4181
686 3495 4181
705 3476 4181
709 3472 4181
717 3464 4181
741 3440 4181
747 3434 4181
755 3426 4181
763 3418 4181
770 3411 4181
825 3356 4181
847 3334 4181
848 3333 4181
849 3332 4181
855 3326 4181
892 3289 4181
893 3288 4181
918 3263 4181
933 3248 4181
934 3247 4181
937 3244 4181
992 3189 4181
1003 3178 4181
1004 3177 4181
1062 3119 4181
1064 3117 4181
1067 3114 4181
1090 3091 4181
1107 3074 4181
1113 3068 4181
1118 3063 4181
1120 3061 4181
1123 3058 4181
1137 3044 4181
1150 3031 4181
1158 3023 4181
1179 3002 4181
1181 3000 4181
1185 2996 4181
1200 2981 4181
1201 2980 4181
1219 2962 4181
1224 2957 4181
1227 2954 4181
1248 2933 4181
1270 2911 4181
1273 2908 4181
1288 2893 4181
1301 2880 4181
1308 2873 4181
1342 2839 4181
1355 2826 4181
1358 2823 4181
1360 2821 4181
1363 2818 4181
1424 2757 4181
1425 2756 4181
1426 2755 4181
1428 2753 4181
1430 2751 4181
1436 2745 4181
1456 2725 4181
1464 2717 4181
1471 2710 4181
1478 2703 4181
1484 2697 4181
1510 2671 4181
1518 2663 4181
1530 2651 4181
1556 2625 4181
1560 2621 4181
1561 2620 4181
1562 2619 4181
1573 2608 4181
1599 2582 4181
1611 2570 4181
1629 2552 4181
1648 2533 4181
1683 2498 4181
1686 2495 4181
1690 2491 4181
1700 2481 4181
1729 2452 4181
1750 2431 4181
1757 2424 4181
1780 2401 4181
1781 2400 4181
1783 2398 4181
1784 2397 4181
1802 2379 4181
1828 2353 4181
1836 2345 4181
1845 2336 4181
1867 2314 4181
1903 2278 4181
1908 2273 4181
1927 2254 4181
1958 2223 4181
1975 2206 4181
1983 2198 4181
1997 2184 4181
2003 2178 4181
2006 2175 4181
2011 2170 4181
2022 2159 4181
2024 2157 4181
2026 2155 4181
2032 2149 4181
2157 2024 4181
2160 2021 4181
2180 2001 4181
2206 1975 4181
2207 1974 4181
2249 1932 4181
2255 1926 4181
2278 1903 4181
2283 1898 4181
2286 1895 4181
2319 1862 4181
2327 1854 4181
2328 1853 4181
2335 1846 4181
2347 1834 4181
2349 1832 4181
2353 1828 4181
2379 1802 4181
2384 1797 4181
2395 1786 4181
2397 1784 4181
2398 1783 4181
2400 1781 4181
2401 1780 4181
2424 1757 4181
2430 1751 4181
2437 1744 4181
2452 1729 4181
2478 1703 4181
2481 1700 4181
2483 1698 4181
2487 1694 4181
2489 1692 4181
2493 1688 4181
2495 1686 4181
2522 1659 4181
2538 1643 4181
2547 1634 4181
2558 1623 4181
2570 1611 4181
2625 1556 4181
2634 1547 4181
2645 1536 4181
2653 1528 4181
2686 1495 4181
2703 1478 4181
2725 1456 4181
2735 1446 4181
2743 1438 4181
2745 1436 4181
2751 1430 4181
2753 1428 4181
2754 1427 4181
2757 1424 4181
2813 1368 4181
2818 1363 4181
2821 1360 4181
2841 1340 4181
2880 1301 4181
2920 1261 4181
2924 1257 4181
2940 1241 4181
2946 1235 4181
2954 1227 4181
2957 1224 4181
2973 1208 4181
3002 1179 4181
3043 1138 4181
3061 1120 4181
3069 1112 4181
3104 1077 4181
3117 1064 4181
3120 1061 4181
3156 1025 4181
3160 1021 4181
3180 1001 4181
3181 1000 4181
3191 990 4181
3201 980 4181
3204 977 4181
3205 976 4181
3214 967 4181
3244 937 4181
3247 934 4181
3248 933 4181
3257 924 4181
3258 923 4181
3269 912 4181
3288 893 4181
3289 892 4181
3326 855 4181
3328 853 4181
3329 852 4181
3356 825 4181
3358 823 4181
3362 819 4181
3365 816 4181
3418 763 4181
3423 758 4181
3434 747 4181
3464 717 4181
3467 714 4181
3472 709 4181
3494 687 4181
3495 686 4181
3496 685 4181
3507 674 4181
3520 661 4181
3525 656 4181
3534 647 4181
3535 646 4181
3541 640 4181
3564 617 4181
3571 610 4181
3572 609 4181
3573 608 4181
3591 590 4181
3592 589 4181
3602 579 4181
3607 574 4181
3612 569 4181
3614 567 4181
3630 551 4181
3635 546 4181
3649 532 4181
3666 515 4181
3675 506 4181
3686 495 4181
3691 490 4181
3708 473 4181
3710 471 4181
3712 469 4181
3744 437 4181
3749 432 4181
3750 431 4181
3753 428 4181
3759 422 4181
3780 401 4181
3796 385 4181
3805 376 4181
3809 372 4181
3819 362 4181
3823 358 4181
3824 357 4181
3829 352 4181
3836 345 4181
3838 343 4181
3839 342 4181
3855 326 4181
3856 325 4181
3864 317 4181
3867 314 4181
3868 313 4181
3873 308 4181
3879 302 4181
3888 293 4181
3890 291 4181
3898 283 4181
3908 273 4181
3924 257 4181
3939 242 4181
3944 237 4181
316
4181 230 3951
4181 249 3932
4181 252 3929
4181 257 3924
4181 276 3905
4181 281 3900
4181 284 3897
4181 313 3868
4181 314 3867
4181 319 3862
4181 324 3857
4181 345 3836
4181 352 3829
4181 353 3828
4181 354 3827
4181 356 3825
4181 357 3824
4181 362 3819
4181 376 3805
4181 385 3796
4181 401 3780
4181 422 3759
4181 428 3753
4181 460 3721
4181 471 3710
4181 482 3699
4181 488 3693
4181 503 3678
4181 508 3673
4181 528 3653
4181 529 3652
4181 532 3649
4181 559 3622
4181 571 3610
4181 579 3602
4181 581 3600
4181 587 3594
4181 589 3592
4181 609 3572
4181 619 3562
4181 623 3558
4181 631 3550
4181 654 3527
4181 659 3522
4181 661 3520
4181 674 3507
4181 684 3497
4181 686 3495
4181 705 3476
4181 709 3472
4181 717 3464
4181 741 3440
4181 747 3434
4181 755 3426
4181 763 3418
4181 770 3411
4181 825 3356
4181 847 3334
4181 848 3333
4181 849 3332
4181 855 3326
4181 892 3289
4181 893 3288
4181 918 3263
4181 933 3248
4181 934 3247
4181 937 3244
4181 992 3189
4181 1003 3178
4181 1004 3177
4181 1062 3119
4181 1064 3117
4181 1067 3114
4181 1090 3091
4181 1107 3074
4181 1113 3068
4181 1118 3063
4181 1120 3061
4181 1123 3058
4181 1137 3044
4181 1150 3031
4181 1158 3023
4181 1179 3002
4181 1181 3000
4181 1185 2996
4181 1200 2981
4181 1201 2980
4181 1219 2962
4181 1224 2957
4181 1227 2954
4181 1248 2933
4181 1270 2911
4181 1273 2908
4181 1288 2893
4181 1301 2880
4181 1308 2873
4181 1342 2839
4181 1355 2826
4181 1358 2823
4181 1360 2821
4181 1363 2818
4181 1424 2757
4181 1425 2756
4181 1426 2755
4181 1428 2753
4181 1430 2751
4181 1436 2745
4181 1456 2725
4181 1464 2717
4181 1471 2710
4181 1478 2703
4181 1484 2697
4181 1510 2671
4181 1518 2663
4181 1530 2651
4181 1556 2625
4181 1560 2621
4181 1561 2620
4181 1562 2619
4181 1573 2608
4181 1599 2582
4181 1611 2570
4181 1629 2552
4181 1648 2533
4181 1683 2498
4181 1686 2495
4181 1690 2491
4181 1700 2481
4181 1729 2452
4181 1750 2431
4181 1757 2424
4181 1780 2401
4181 1781 2400
4181 1783 2398
4181 1784 2397
4181 1802 2379
4181 1828 2353
4181 1836 2345
4181 1845 2336
4181 1867 2314
4181 1903 2278
4181 1908 2273
4181 1927 2254
4181 1958 2223
4181 1975 2206
4181 1983 2198
4181 1997 2184
4181 2003 2178
4181 2006 2175
4181 2011 2170
4181 2022 2159
4181 2024 2157
4181 2026 2155
4181 2032 2149
4181 2157 2024
4181 2160 2021
4181 2180 2001
4181 2206 1975
4181 2207 1974
4181 2249 1932
4181 2255 1926
4181 2278 1903
4181 2283 1898
4181 2286 1895
4181 2319 1862
4181 2327 1854
4181 2328 1853
4181 2335 1846
4181 2347 1834
4181 2349 1832
4181 2353 1828
4181 2379 1802
4181 2384 1797
4181 2395 1786
4181 2397 1784
4181 2398 1783
4181 2400 1781
4181 2401 1780
4181 2424 1757
4181 2430 1751
4181 2437 1744
4181 2452 1729
4181 2478 1703
4181 2481 1700
4181 2483 1698
4181 2487 1694
4181 2489 1692
4181 2493 1688
4181 2495 1686
4181 2522 1659
4181 2538 1643
4181 2547 1634
4181 2558 1623
4181 2570 1611
4181 2625 1556
4181 2634 1547
4181 2645 1536
4181 2653 1528
4181 2686 1495
4181 2703 1478
4181 2725 1456
4181 2735 1446
4181 2743 1438
4181 2745 1436
4181 2751 1430
4181 2753 1428
4181 2754 1427
4181 2757 1424
4181 2813 1368
4181 2818 1363
4181 2821 1360
4181 2841 1340
4181 2880 1301
4181 2920 1261
4181 2924 1257
4181 2940 1241
4181 2946 1235
4181 2954 1227
4181 2957 1224
4181 2973 1208
4181 3002 1179
4181 3043 1138
4181 3061 1120
4181 3069 1112
4181 3104 1077
4181 3117 1064
4181 3120 1061
4181 3156 1025
4181 3160 1021
4181 3180 1001
4181 3181 1000
4181 3191 990
4181 3201 980
4181 3204 977
4181 3205 976
4181 3214 967
4181 3244 937
4181 3247 934
4181 3248 933
4181 3257 924
4181 3258 923
4181 3269 912
4181 3288 893
4181 3289 892
4181 3326 855
4181 3328 853
4181 3329 852
4181 3356 825
4181 3358 823
4181 3362 819
4181 3365 816
4181 3418 763
4181 3423 758
4181 3434 747
4181 3464 717
4181 3467 714
4181 3472 709
4181 3494 687
4181 3495 686
4181 3496 685
4181 3507 674
4181 3520 661
4181 3525 656
4181 3534 647
4181 3535 646
4181 3541 640
4181 3564 617
4181 3571 610
4181 3572 609
4181 3573 608
4181 3591 590
4181 3592 589
4181 3602 579
4181 3607 574
4181 3612 569
4181 3614 567
4181 3630 551
4181 3635 546
4181 3649 532
4181 3666 515
4181 3675 506
4181 3686 495
4181 3691 490
4181 3708 473
4181 3710 471
4181 3712 469
4181 3744 437
4181 3749 432
4181 3750 431
4181 3753 428
4181 3759 422
4181 3780 401
4181 3796 385
4181 3805 376
4181 3809 372
4181 3819 362
4181 3823 358
4181 3824 357
4181 3829 352
4181 3836 345
4181 3838 343
4181 3839 342
4181 3855 326
4181 3856 325
4181 3864 317
4181 3867 314
4181 3868 313
4181 3873 308
4181 3879 302
4181 3888 293
4181 3890 291
4181 3898 283
4181 3908 273
4181 3924 257
4181 3939 242
4181 3944 237
280
237 4181 3944
238 4181 3943
250 4181 3931
254 4181 3927
257 4181 3924
266 4181 3915
272 4181 3909
273 4181 3908
276 4181 3905
283 4181 3898
284 4181 3897
291 4181 3890
293 4181 3888
313 4181 3868
317 4181 3864
318 4181 3863
325 4181 3856
336 4181 3845
343 4181 3838
345 4181 3836
354 4181 3827
356 4181 3825
357 4181 3824
385 4181 3796
396 4181 3785
401 4181 3780
431 4181 3750
437 4181 3744
454 4181 3727
456 4181 3725
460 4181 3721
469 4181 3712
471 4181 3710
473 4181 3708
495 4181 3686
508 4181 3673
515 4181 3666
538 4181 3643
551 4181 3630
556 4181 3625
567 4181 3614
569 4181 3612
579 4181 3602
589 4181 3592
604 4181 3577
609 4181 3572
617 4181 3564
628 4181 3553
647 4181 3534
661 4181 3520
685 4181 3496
687 4181 3494
704 4181 3477
706 4181 3475
709 4181 3472
717 4181 3464
747 4181 3434
763 4181 3418
766 4181 3415
770 4181 3411
778 4181 3403
792 4181 3389
819 4181 3362
823 4181 3358
825 4181 3356
846 4181 3335
848 4181 3333
850 4181 3331
853 4181 3328
855 4181 3326
893 4181 3288
898 4181 3283
918 4181 3263
920 4181 3261
923 4181 3258
932 4181 3249
933 4181 3248
937 4181 3244
967 4181 3214
977 4181 3204
1001 4181 3180
1021 4181 3160
1025 4181 3156
1061 4181 3120
1062 4181 3119
1077 4181 3104
1114 4181 3067
1116 4181 3065
1118 4181 3063
1126 4181 3055
1142 4181 3039
1179 4181 3002
1200 4181 2981
1227 4181 2954
1228 4181 2953
1235 4181 2946
1241 4181 2940
1248 4181 2933
1257 4181 2924
1261 4181 2920
1280 4181 2901
1301 4181 2880
1342 4181 2839
1358 4181 2823
1363 4181 2818
1366 4181 2815
1422 4181 2759
1427 4181 2754
1495 4181 2686
1510 4181 2671
1512 4181 2669
1530 4181 2651
1547 4181 2634
1562 4181 2619
1572 4181 2609
1611 4181 2570
1623 4181 2558
1643 4181 2538
1648 4181 2533
1659 4181 2522
1660 4181 2521
1703 4181 2478
1729 4181 2452
1751 4181 2430
1757 4181 2424
1774 4181 2407
1781 4181 2400
1783 4181 2398
1797 4181 2384
1820 4181 2361
1853 4181 2328
1868 4181 2313
1895 4181 2286
1903 4181 2278
1928 4181 2253
1948 4181 2233
1958 4181 2223
1975 4181 2206
2001 4181 2180
2006 4181 2175
2008 4181 2173
2021 4181 2160
2022 4181 2159
2032 4181 2149
2149 4181 2032
2155 4181 2026
2156 4181 2025
2157 4181 2024
2159 4181 2022
2160 4181 2021
2162 4181 2019
2166 4181 2015
2175 4181 2006
2223 4181 1958
2273 4181 1908
2286 4181 1895
2326 4181 1855
2345 4181 1836
2353 4181 1828
2379 4181 1802
2384 4181 1797
2394 4181 1787
2397 4181 1784
2401 4181 1780
2402 4181 1779
2420 4181 1761
2422 4181 1759
2428 4181 1753
2430 4181 1751
2431 4181 1750
2470 4181 1711
2478 4181 1703
2481 4181 1700
2491 4181 1690
2492 4181 1689
2495 4181 1686
2496 4181 1685
2518 4181 1663
2533 4181 1648
2558 4181 1623
2619 4181 1562
2621 4181 1560
2625 4181 1556
2651 4181 1530
2663 4181 1518
2671 4181 1510
2697 4181 1484
2703 4181 1478
2716 4181 1465
2717 4181 1464
2725 4181 1456
2745 4181 1436
2750 4181 1431
2751 4181 1430
2753 4181 1428
2755 4181 1426
2757 4181 1424
2758 4181 1423
2821 4181 1360
2823 4181 1358
2838 4181 1343
2839 4181 1342
2848 4181 1333
2850 4181 1331
2873 4181 1308
2893 4181 1288
2911 4181 1270
2924 4181 1257
2933 4181 1248
2957 4181 1224
2972 4181 1209
2981 4181 1200
3004 4181 1177
3023 4181 1158
3031 4181 1150
3061 4181 1120
3063 4181 1118
3091 4181 1090
3104 4181 1077
3117 4181 1064
3119 4181 1062
3156 4181 1025
3160 4181 1021
3177 4181 1004
3189 4181 992
3196 4181 985
3247 4181 934
3263 4181 918
3284 4181 897
3289 4181 892
3320 4181 861
3333 4181 848
3358 4181 823
3362 4181 819
3398 4181 783
3411 4181 770
3442 4181 739
3495 4181 686
3497 4181 684
3507 4181 674
3516 4181 665
3527 4181 654
3568 4181 613
3574 4181 607
3576 4181 605
3590 4181 591
3604 4181 577
3612 4181 569
3614 4181 567
3649 4181 532
3650 4181 531
3653 4181 528
3673 4181 508
3693 4181 488
3696 4181 485
3699 4181 482
3721 4181 460
3722 4181 459
3744 4181 437
3748 4181 433
3753 4181 428
3759 4181 422
3766 4181 415
3782 4181 399
3794 4181 387
3805 4181 376
3819 4181 362
3825 4181 356
3827 4181 354
3829 4181 352
3857 4181 324
3867 4181 314
3872 4181 309
3897 4181 284
3905 4181 276
3908 4181 273
3929 4181 252
3944 4181 237
3951 4181 230
3954 4181 227
242
148 4033 4181
227 3954 4181
237 3944 4181
238 3943 4181
242 3939 4181
258 3923 4181
266 3915 4181
272 3909 4181
273 3908 4181
286 3895 4181
290 3891 4181
292 3889 4181
302 3879 4181
309 3872 4181
334 3847 4181
358 3823 4181
387 3794 4181
399 3782 4181
415 3766 4181
433 3748 4181
437 3744 4181
459 3722 4181
485 3696 4181
531 3650 4181
538 3643 4181
544 3637 4181
546 3635 4181
556 3625 4181
567 3614 4181
569 3612 4181
574 3607 4181
577 3604 4181
590 3591 4181
591 3590 4181
605 3576 4181
607 3574 4181
613 3568 4181
642 3539 4181
665 3516 4181
704 3477 4181
714 3467 4181
739 3442 4181
758 3423 4181
766 3415 4181
778 3403 4181
783 3398 4181
816 3365 4181
819 3362 4181
823 3358 4181
846 3335 4181
861 3320 4181
876 3305 4181
897 3284 4181
932 3249 4181
985 3196 4181
1021 3160 4181
1025 3156 4181
1036 3145 4181
1077 3104 4181
1112 3069 4181
1116 3065 4181
1126 3055 4181
1138 3043 4181
1148 3033 4181
1177 3004 4181
1180 3001 4181
1209 2972 4181
1228 2953 4181
1257 2924 4181
1280 2901 4181
1294 2887 4181
1331 2850 4181
1333 2848 4181
1343 2838 4181
1366 2815 4181
1370 2811 4181
1418 2763 4181
1423 2758 4181
1431 2750 4181
1465 2716 4181
1468 2713 4181
1492 2689 4181
1528 2653 4181
1590 2591 4181
1610 2571 4181
1623 2558 4181
1656 2525 4181
1660 2521 4181
1663 2518 4181
1664 2517 4181
1685 2496 4181
1689 2492 4181
1703 2478 4181
1711 2470 4181
1740 2441 4181
1751 2430 4181
1753 2428 4181
1759 2422 4181
1761 2420 4181
1779 2402 4181
1786 2395 4181
1787 2394 4181
1797 2384 4181
1830 2351 4181
1840 2341 4181
1855 2326 4181
1890 2291 4181
1895 2286 4181
1896 2285 4181
1898 2283 4181
1940 2241 4181
2004 2177 4181
2008 2173 4181
2014 2167 4181
2015 2166 4181
2019 2162 4181
2021 2160 4181
2025 2156 4181
2028 2153 4181
2038 2143 4181
2149 2032 4181
2156 2025 4181
2159 2022 4181
2162 2019 4181
2166 2015 4181
2173 2008 4181
2175 2006 4181
2178 2003 4181
2198 1983 4181
2223 1958 4181
2233 1948 4181
2248 1933 4181
2253 1928 4181
2254 1927 4181
2313 1868 4181
2320 1861 4181
2361 1820 4181
2407 1774 4181
2428 1753 4181
2492 1689 4181
2496 1685 4181
2498 1683 4181
2521 1660 4181
2533 1648 4181
2582 1599 4181
2608 1573 4181
2609 1572 4181
2619 1562 4181
2651 1530 4181
2669 1512 4181
2671 1510 4181
2710 1471 4181
2756 1425 4181
2759 1422 4181
2815 1366 4181
2816 1365 4181
2823 1358 4181
2838 1343 4181
2839 1342 4181
2842 1339 4181
2850 1331 4181
2860 1321 4181
2896 1285 4181
2901 1280 4181
2933 1248 4181
2953 1228 4181
2962 1219 4181
2964 1217 4181
2972 1209 4181
2981 1200 4181
2992 1189 4181
2998 1183 4181
3004 1177 4181
3036 1145 4181
3039 1142 4181
3055 1126 4181
3058 1123 4181
3063 1118 4181
3065 1116 4181
3067 1114 4181
3119 1062 4181
3178 1003 4181
3196 985 4181
3249 932 4181
3261 920 4181
3263 918 4181
3283 898 4181
3331 850 4181
3333 848 4181
3334 847 4181
3335 846 4181
3389 792 4181
3398 783 4181
3403 778 4181
3411 770 4181
3415 766 4181
3444 737 4181
3475 706 4181
3477 704 4181
3516 665 4181
3550 631 4181
3553 628 4181
3558 623 4181
3562 619 4181
3568 613 4181
3574 607 4181
3577 604 4181
3590 591 4181
3622 559 4181
3625 556 4181
3643 538 4181
3650 531 4181
3673 508 4181
3721 460 4181
3725 456 4181
3727 454 4181
3752 429 4181
3766 415 4181
3782 399 4181
3785 396 4181
3825 356 4181
3827 354 4181
3845 336 4181
3846 335 4181
3862 319 4181
3863 318 4181
3874 307 4181
3886 295 4181
3894 287 4181
3897 284 4181
3905 276 4181
3909 272 4181
3912 269 4181
3915 266 4181
3926 255 4181
3927 254 4181
3931 250 4181
3932 249 4181
3940 241 4181
3943 238 4181
3956 225 4181
3968 213 4181
242
4181 148 4033
4181 227 3954
4181 237 3944
4181 238 3943
4181 242 3939
4181 258 3923
4181 266 3915
4181 272 3909
4181 273 3908
4181 286 3895
4181 290 3891
4181 292 3889
4181 302 3879
4181 309 3872
4181 334 3847
4181 358 3823
4181 387 3794
4181 399 3782
4181 415 3766
4181 433 3748
4181 437 3744
4181 459 3722
4181 485 3696
4181 531 3650
4181 538 3643
4181 544 3637
4181 546 3635
4181 556 3625
4181 567 3614
4181 569 3612
4181 574 3607
4181 577 3604
4181 590 3591
4181 591 3590
4181 605 3576
4181 607 3574
4181 613 3568
4181 642 3539
4181 665 3516
4181 704 3477
4181 714 3467
4181 739 3442
4181 758 3423
4181 766 3415
4181 778 3403
4181 783 3398
4181 816 3365
4181 819 3362
4181 823 3358
4181 846 3335
4181 861 3320
4181 876 3305
4181 897 3284
4181 932 3249
4181 985 3196
4181 1021 3160
4181 1025 3156
4181 1036 3145
4181 1077 3104
4181 1112 3069
4181 1116 3065
4181 1126 3055
4181 1138 3043
4181 1148 3033
4181 1177 3004
4181 1180 3001
4181 1209 2972
4181 1228 2953
4181 1257 2924
4181 1280 2901
4181 1294 2887
4181 1331 2850
4181 1333 2848
4181 1343 2838
4181 1366 2815
4181 1370 2811
4181 1418 2763
4181 1423 2758
4181 1431 2750
4181 1465 2716
4181 1468 2713
4181 1492 2689
4181 1528 2653
4181 1590 2591
4181 1610 2571
4181 1623 2558
4181 1656 2525
4181 1660 2521
4181 1663 2518
4181 1664 2517
4181 1685 2496
4181 1689 2492
4181 1703 2478
4181 1711 2470
4181 1740 2441
4181 1751 2430
4181 1753 2428
4181 1759 2422
4181 1761 2420
4181 1779 2402
4181 1786 2395
4181 1787 2394
4181 1797 2384
4181 1830 2351
4181 1840 2341
4181 1855 2326
4181 1890 2291
4181 1895 2286
4181 1896 2285
4181 1898 2283
4181 1940 2241
4181 2004 2177
4181 2008 2173
4181 2014 2167
4181 2015 2166
4181 2019 2162
4181 2021 2160
4181 2025 2156
4181 2028 2153
4181 2038 2143
4181 2149 2032
4181 2156 2025
4181 2159 2022
4181 2162 2019
4181 2166 2015
4181 2173 2008
4181 2175 2006
4181 2178 2003
4181 2198 1983
4181 2223 1958
4181 2233 1948
4181 2248 1933
4181 2253 1928
4181 2254 1927
4181 2313 1868
4181 2320 1861
4181 2361 1820
4181 2407 1774
4181 2428 1753
4181 2492 1689
4181 2496 1685
4181 2498 1683
4181 2521 1660
4181 2533 1648
4181 2582 1599
4181 2608 1573
4181 2609 1572
4181 2619 1562
4181 2651 1530
4181 2669 1512
4181 2671 1510
4181 2710 1471
4181 2756 1425
4181 2759 1422
4181 2815 1366
4181 2816 1365
4181 2823 1358
4181 2838 1343
4181 2839 1342
4181 2842 1339
4181 2850 1331
4181 2860 1321
4181 2896 1285
4181 2901 1280
4181 2933 1248
4181 2953 1228
4181 2962 1219
4181 2964 1217
4181 2972 1209
4181 2981 1200
4181 2992 1189
4181 2998 1183
4181 3004 1177
4181 3036 1145
4181 3039 1142
4181 3055 1126
4181 3058 1123
4181 3063 1118
4181 3065 1116
4181 3067 1114
4181 3119 1062
4181 3178 1003
4181 3196 985
4181 3249 932
4181 3261 920
4181 3263 918
4181 3283 898
4181 3331 850
4181 3333 848
4181 3334 847
4181 3335 846
4181 3389 792
4181 3398 783
4181 3403 778
4181 3411 770
4181 3415 766
4181 3444 737
4181 3475 706
4181 3477 704
4181 3516 665
4181 3550 631
4181 3553 628
4181 3558 623
4181 3562 619
4181 3568 613
4181 3574 607
4181 3577 604
4181 3590 591
4181 3622 559
4181 3625 556
4181 3643 538
4181 3650 531
4181 3673 508
4181 3721 460
4181 3725 456
4181 3727 454
4181 3752 429
4181 3766 415
4181 3782 399
4181 3785 396
4181 3825 356
4181 3827 354
4181 3845 336
4181 3846 335
4181 3862 319
4181 3863 318
4181 3874 307
4181 3886 295
4181 3894 287
4181 3897 284
4181 3905 276
4181 3909 272
4181 3912 269
4181 3915 266
4181 3926 255
4181 3927 254
4181 3931 250
4181 3932 249
4181 3940 241
4181 3943 238
4181 3956 225
4181 3968 213
218
148 4181 4033
212 4181 3969
213 4181 3968
218 4181 3963
225 4181 3956
234 4181 3947
241 4181 3940
249 4181 3932
252 4181 3929
255 4181 3926
258 4181 3923
264 4181 3917
269 4181 3912
287 4181 3894
292 4181 3889
294 4181 3887
295 4181 3886
307 4181 3874
319 4181 3862
324 4181 3857
335 4181 3846
399 4181 3782
415 4181 3766
429 4181 3752
482 4181 3699
486 4181 3695
488 4181 3693
531 4181 3650
544 4181 3637
559 4181 3622
591 4181 3590
607 4181 3574
613 4181 3568
619 4181 3562
623 4181 3558
631 4181 3550
665 4181 3516
737 4181 3444
762 4181 3419
