100
0 14724 2246 25087 4053 26161 15945 15941 18907 10881 17899 29689 3589 569 11861 14972 28140 13162 12862 17642 6067 4322 21363 23547 12207 23866 4643 5933 18047 218 22774 8234 21798 5137 12922 18292 7327 19201 7665 8372 7780 630 28027 18723 7623 305 22574 25913 10550 26511 19412 18702 22522 2393 20942 21174 5339 6770 24126 12955 8955 14423 29123 24512 8122 28407 23426 20141 22578 11821 6072 22572 25844 12843 16218 2355 8458 18738 22095 11953 3582 10532 9614 29087 20348 27542 24748 24319 5613 22214 24150 16800 21209 13212 6022 21952 26516 6952 23901 8225
14724 0 218 23057 26680 12739 25390 27190 24635 25428 2647 28710 26546 25859 6396 14690 15004 19295 24623 2372 23281 9043 2342 16729 6624 25695 1916 14737 15345 8869 9121 23373 20404 28410 4923 18744 11699 3370 25466 10559 4368 28864 11476 10512 27717 17450 19234 12296 11156 9439 16747 4950 4358 26186 29219 9800 12622 10173 26641 1660 7770 9570 17975 23536 1558 11178 22245 4552 16293 6558 27515 4307 6301 21523 12508 13832 29889 6620 21435 7284 28004 10654 25780 10356 6333 2625 22300 10881 15923 8798 10924 18115 15037 7545 10329 29233 19486 6933 17842 5040
2246 218 0 18094 2297 6795 21504 27480 9369 4743 27906 13414 14541 17264 15666 24482 11689 2123 920 14908 13985 29984 7702 615 20849 4253 12759 12645 29272 27820 7855 18598 13078 16909 4679 7351 20387 3718 26735 1404 9280 6763 2275 11900 24475 11142 1453 19350 14999 10104 12466 11670 17098 20183 9658 19272 20988 18780 5125 16438 17477 14834 2298 11411 12870 7458 4105 3058 21189 16343 15578 23919 5453 10958 6461 3311 630 24962 29966 14223 18806 24692 20465 13995 6815 21074 24120 5601 7340 14667 670 27692 12193 8919 11850 30029 24777 6461 12132 15766
25087 23057 18094 0 10358 12120 17509 28305 15401 28537 27890 16963 18495 4674 968 12282 11864 26972 16487 25235 1135 5350 25245 1651 17837 11598 4042 14912 13715 23046 9437 11645 22100 28454 13772 7058 10536 26042 3745 21056 691 13128 28429 20968 4261 28995 11311 13267 20385 28713 11069 17458 7464 4186 13125 9836 12336 20700 26583 16948 8826 23689 11768 13610 26380 28918 10584 15807 10974 26388 4524 15975 6266 20306 845 5750 19804 14924 29769 4253 24081 22968 3303 23866 16974 11896 23813 26497 28956 13880 22553 1508 6923 28093 16032 1785 28321 8064 969 6534
4053 26680 2297 10358 0 19875 14284 29473 17524 3512 19102 26785 15076 18859 18393 14829 2579 11596 17356 24565 2728 24516 27518 4279 9348 10724 17263 541 29708 26071 7165 11764 29855 10118 29931 13838 18900 28943 752 22804 26792 29869 27301 4304 13817 9087 4600 6723 3438 22615 2134 5647 16705 12893 18402 23785 20775 6945 19777 7063 21681 1360 26503 25279 21559 11960 14510 29126 27598 15187 2445 17105 8430 2481 15190 8318 11370 5023 20422 906 23286 1851 21668 2789 23911 19774 17673 1496 16357 12123 6327 11062 23896 24105 13985 13320 14005 5360 24816 27166
26161 12739 6795 12120 19875 0 17248 16943 3529 8870 13034 274 17273 6007 21822 12636 24192 12065 5649 6830 22715 14325 12326 26895 1680 16539 4387 11045 19881 5693 21262 20533 9193 552 7252 3284 12011 24770 10751 28089 16228 20045 6645 26822 13319 10799 19677 16634 19551 2853 26338 18882 16851 11290 16786 26423 8856 13153 16123 1089 23241 18737 20093 21682 13142 6578 28606 23814 26714 23818 18480 9960 22930 17865 15728 6985 6818 20786 7555 23828 25594 18687 21457 4459 19860 19760 6352 13664 5779 15884 19402 28676 27094 12826 20646 2629 2374 27556 28341 15595
15945 25390 21504 17509 14284 17248 0 22411 23821 12457 9890 20815 27531 21849 15544 10427 428 7825 27371 28885 27679 27087 7462 24475 10399 15569 3140 12814 6850 3424 9210 18254 16258 18706 23684 8721 23157 2333 25276 24752 6249 27269 24262 19930 9991 24469 10777 17086 24919 28322 7996 22302 23230 27700 5987 22472 25476 20462 22794 27631 9580 27464 21354 11675 24717 4026 12849 4996 24837 17670 17261 28270 19786 15914 10352 17456 10452 17309 11607 25532 9689 2481 5166 28559 7485 20108 18963 19832 10163 7657 13447 27038 28013 10958 18110 23716 11439 14816 14157 8764
15941 27190 27480 28305 29473 16943 22411 0 25796 29817 1041 21712 23593 18939 11241 29429 8812 24990 12815 21882 19817 21611 1928 14192 6375 23930 8413 16824 18193 24632 24456 11200 7421 29807 4471 24682 13713 3626 2507 22333 3815 10031 22338 9731 16593 3139 14414 14673 27064 18011 20466 17149 16982 19900 16351 5414 16239 25701 2868 2656 26429 19045 9992 2929 27547 14195 13419 19884 9884 21543 24754 25184 18720 23606 26962 9899 14719 9824 18969 24392 14292 11108 21270 10233 30007 20641 4752 5044 4017 781 13021 21828 23317 6515 13198 29308 24298 30038 13156 18894
18907 24635 9369 15401 17524 3529 23821 25796 0 9892 22009 6336 6232 16320 22022 12364 17314 29564 23956 6788 9386 22431 8658 23478 7899 26348 19670 28437 13629 465 23628 7172 16531 6879 8788 21530 18589 2170 4958 20675 22663 13266 21719 15659 6362 17843 13458 8693 23605 12618 3954 16166 21447 483 7149 27494 7313 8224 21548 29140 3392 12187 7356 12821 10269 14342 24787 16724 10145 18163 11834 7841 13342 23817 22781 23100 1029 20006 10884 1444 7869 1039 27270 7415 5240 12540 10282 23852 15477 25653 17229 2103 7058 27089 29709 263 10562 17623 8760 204
10881 25428 4743 28537 3512 8870 12457 29817 9892 0 1720 8483 12927 14525 17351 22155 20803 18324 15879 23315 22449 8819 7444 15828 6696 20862 25137 5196 2444 15102 7244 12766 10887 19546 20249 14269 15035 28104 2190 2602 5977 24066 12057 27738 20097 14264 304 13435 8918 6512 1683 9867 19211 9008 7112 18337 17014 29112 12149 18817 4382 21668 26302 20078 247 670 11282 29215 18898 19046 19712 10556 26101 29007 16340 14797 20518 28490 8177 22638 19898 27243 17786 21522 23864 22051 13535 1853 27314 1430 16193 28610 20059 14090 4637 2997 4768 26230 18854 21385
17899 2647 27906 27890 19102 13034 9890 1041 22009 1720 0 8602 24948 13899 21994 23096 17250 24231 3130 9430 11645 26075 29226 27373 18208 22379 18945 9374 6987 27647 6852 16090 4416 5537 8463 447 17192 27463 22379 2936 22380 233 25100 13531 3966 20322 13325 12743 17162 2734 10483 27016 6031 18540 9405 17457 6187 11349 18995 4841 1914 17998 8389 16280 16427 11468 14988 28223 8731 28021 22155 29251 8779 15365 3907 5777 27074 22731 19474 12574 27591 1584 24746 21873 28313 6592 14269 21881 21547 4725 22002 3464 2892 8480 25894 4500 2712 19921 8450 11717
29689 28710 13414 16963 26785 274 20815 21712 6336 8483 8602 0 14724 742 20431 15006 1692 15981 25024 24156 13668 1624 5915 10942 23577 12486 16974 25778 8804 12460 26634 10622 11560 16060 23211 22424 17900 7853 20755 26256 6453 3036 6132 21888 20772 24511 26927 25240 2057 19027 17814 11824 14286 10963 5491 27015 15923 2024 2048 27535 4471 21291 29958 24570 10897 16594 26939 15147 23951 16135 1230 913 19535 26389 15554 22871 21030 21039 13152 27712 26245 15447 1557 26494 9606 10751 8636 20209 8769 25542 13827 25362 8009 8835 26700 18761 992 28033 13269 5465
3589 26546 14541 18495 15076 17273 27531 23593 6232 12927 24948 14724 0 23053 23844 16626 20087 4820 15356 22197 10541 28896 29130 21383 14725 2948 23947 19544 21463 12901 3384 10988 18313 26948 11245 3001 1369 27901 11890 26237 9628 9484 11817 6122 16962 17829 17561 1340 6822 9555 22149 20975 2889 15221 25575 10041 9609 10781 22410 303 3511 25573 17856 24428 5226 3806 12590 361 3972 28880 22954 2263 9447 24053 11577 2539 10670 14939 8190 22023 13863 680 3484 17395 21145 6803 10084 5242 8325 26676 27180 18872 11639 12094 14011 24161 13521 7042 13159 24722
569 25859 17264 4674 18859 6007 21849 18939 16320 14525 13899 742 23053 0 2614 16215 5063 21041 9100 7101 22037 11612 8460 13320 8904 26245 804 15140 25406 23847 21478 25990 14848 22839 20656 25926 7110 2286 22686 2709 16073 16586 9736 12637 29638 24107 28572 12842 11348 24539 13108 10288 7739 2219 29661 28344 5932 6158 18012 21752 22229 27388 9047 12185 17311 12051 29107 8852 26720 7592 18410 14599 12275 24483 19578 21530 26210 24363 288 5207 22081 14434 2973 29769 7338 21668 1730 22685 25282 13312 17886 27776 3083 9986 7788 29435 17986 12323 25954 9876
11861 6396 15666 968 18393 21822 15544 11241 22022 17351 21994 20431 23844 2614 0 14825 22237 5466 11615 18691 4003 5468 2517 17223 28007 16470 12911 19293 12569 6561 5007 23538 18133 16277 4975 7662 27106 20944 28182 22823 26137 4339 28231 25506 16555 3337 19719 20615 2129 28392 9519 26935 19310 9584 12454 15031 28304 22297 26136 3802 26970 1759 4521 21133 8345 15751 17024 19932 982 17180 27013 26956 15483 14444 2539 841 17981 22529 4275 19579 16590 23425 16596 4307 3536 23725 900 6521 26535 9667 23184 4097 25688 4515 10822 16577 25111 14316 19636 18316
14972 14690 24482 12282 14829 12636 10427 29429 12364 22155 23096 15006 16626 16215 14825 0 19669 19265 26487 455 11729 21248 24614 28853 2367 3949 19436 792 16857 23286 7351 5898 9511 22076 26546 1393 10099 19752 26687 20165 2143 17269 19228 17903 20641 1644 18928 28863 15427 8843 18859 9302 6668 26189 23644 20919 3618 29511 25149 22697 24406 5170 1809 25555 3800 16616 15314 15320 9075 7977 12757 29034 28149 637 2668 19273 18442 29440 471 7422 14108 16367 5078 11288 12231 14738 6106 15682 13612 26525 11932 23618 2376 24191 1025 25474 5820 8791 20254 12539
28140 15004 11689 11864 2579 24192 428 8812 17314 20803 17250 1692 20087 5063 22237 19669 0 19908 11078 2934 6619 24278 1616 5372 15728 27397 10185 11416 19897 21623 14238 18700 14419 10677 2256 28643 14624 1847 5012 29105 6993 2607 13060 26273 27235 7765 7575 4310 11241 19900 28863 20272 12216 12941 21245 7170 1013 16425 6399 24645 24610 27299 3469 27265 965 18016 8591 10121 18214 2543 2815 24721 7792 24724 28766 21666 20061 8630 25431 794 13310 3307 19949 15184 7402 29344 946 20684 11161 9385 388 3898 10277 12378 19934 540 9949 19381 22753 16713
13162 19295 2123 26972 11596 12065 7825 24990 29564 18324 24231 15981 4820 21041 5466 19265 19908 0 5460 27027 6084 19203 20207 11357 10604 14027 27922 27856 28210 26720 22943 12448 21670 23025 808 26034 7331 5385 21510 28333 6514 22804 3050 681 26532 3160 17837 26784 23437 4799 27477 22306 998 6071 11046 14220 19250 22512 8324 16956 16263 24170 8539 634 1499 28390 11179 22847 12845 9174 18795 12859 311 16710 10571 25547 20199 29902 7038 24522 5400 24161 16470 18238 8374 28677 17155 17761 11383 14645 24231 5619 5483 24339 10534 25867 17932 4364 17012 11315
12862 24623 920 16487 17356 5649 27371 12815 23956 15879 3130 25024 15356 9100 11615 26487 11078 5460 0 27355 24308 4460 20562 5566 1868 14542 7171 13326 17781 5994 14306 18909 5809 11835 13568 29458 2550 26763 26200 7999 8268 15090 19177 7132 10821 19354 18042 15919 12688 25085 19992 18545 23201 22954 11429 21232 6608 8336 19005 4868 19965 18476 5739 9074 10473 23377 25487 4362 8811 21824 1761 12778 5289 25919 22542 3734 15863 20752 20130 20901 222 28511 5333 12489 5053 8849 8861 4355 8298 13702 3524 24334 9897 18847 28413 23734 28082 22191 16277 5172
17642 2372 14908 25235 24565 6830 28885 21882 6788 23315 9430 24156 22197 7101 18691 455 2934 27027 27355 0 18440 13460 23397 23907 4110 16093 8751 7157 12819 1672 9613 12095 28652 23831 5841 10490 27331 27680 19535 6464 13548 29656 7914 20476 24666 26878 5393 17272 25855 28423 22745 26442 10251 14301 20338 538 3524 17845 25063 905 12562 12987 29809 14713 25087 2687 24900 8192 9688 25555 1450 10855 16458 23658 13301 4366 26623 17233 26753 5375 14138 16265 21523 17469 1680 15822 7556 12991 25621 20121 2185 1373 7247 23578 15848 18378 26148 488 7258 2354
6067 23281 13985 1135 2728 22715 27679 19817 9386 22449 11645 13668 10541 22037 4003 11729 6619 6084 24308 18440 0 24975 20324 28129 11713 20272 19050 3405 1664 21117 22082 3619 12859 27350 20096 20147 20288 28442 20121 16841 20899 4877 19373 10235 13289 24495 16435 28483 2479 17875 20968 16809 26317 3413 8778 5930 13465 23677 17261 25954 7108 29150 18186 14423 9410 14408 12826 9239 20896 8702 12436 20012 11124 17667 21796 16410 22614 4152 23021 29304 28375 24785 11369 18854 25820 21928 3489 4646 20925 23633 5592 1364 24613 12529 13016 28549 25046 27490 7724 10758
4322 9043 29984 5350 24516 14325 27087 21611 22431 8819 26075 1624 28896 11612 5468 21248 24278 19203 4460 13460 24975 0 17579 7072 6859 17068 25325 24168 18539 6157 8840 239 22372 27490 13092 4485 28476 12026 27665 20275 26254 21889 20898 8162 23702 18870 15331 2984 19013 12694 8879 20663 6085 9344 19641 1406 11710 21881 16673 2253 23964 19015 1074 2509 11820 29512 11614 24731 24666 15843 12456 2928 27763 11747 21080 19588 10282 7461 1803 2408 8983 12938 3738 16084 1307 4732 2894 21114 462 29183 10959 19747 19781 9219 25301 17725 19978 22595 13683 26434
21363 2342 7702 25245 27518 12326 7462 1928 8658 7444 29226 5915 29130 8460 2517 24614 1616 20207 20562 23397 20324 17579 0 6956 4277 11443 3125 16447 12386 25351 28637 6134 14355 3524 4625 18757 21234 433 18947 7323 28972 1487 21429 19538 5502 23032 24318 22561 5999 9659 21397 22247 3001 23531 4763 967 26642 25399 2999 10478 28733 1478 124 3483 15204 18025 3930 26066 6730 20157 2178 3308 530 26122 17193 6655 8583 22015 28960 14194 16936 18465 9971 582 5183 23220 12485 22071 13094 524 9733 23101 15836 17447 2501 28335 13345 24269 10236 5539
23547 16729 615 1651 4279 26895 24475 14192 23478 15828 27373 10942 21383 13320 17223 28853 5372 11357 5566 23907 28129 7072 6956 0 16504 25535 9721 28833 13091 26043 26748 7707 23095 11131 22807 28907 10896 23420 13414 12861 9443 9168 20194 21714 26370 6750 5018 3239 20573 3164 27810 2630 14726 26320 6882 13322 17461 26313 25412 29383 29538 8486 19040 3508 18612 28887 1146 976 12750 16079 25786 12765 20060 8100 9768 24056 24341 27392 7151 4703 13894 29888 9023 10259 18549 27651 19137 27178 3476 29409 10584 24636 24611 12732 11761 9499 16810 10576 6682 18360
12207 6624 20849 17837 9348 1680 10399 6375 7899 6696 18208 23577 14725 8904 28007 2367 15728 10604 1868 4110 11713 6859 4277 16504 0 18914 27830 1682 25902 7360 14430 28724 21633 9756 25319 12195 5595 30080 16502 3334 17716 13436 26857 20043 575 19969 29387 17554 29166 11983 445 20344 5601 3960 16367 6867 24532 15463 3648 24347 25393 2351 20418 22448 10961 22416 15591 11308 3831 13066 18238 9743 16293 13060 19091 19740 28408 11396 21293 23676 8727 13809 1770 7037 20921 1920 16661 26443 11789 17619 21738 3921 16395 19308 17596 8564 17868 8927 9276 5727
23866 25695 4253 11598 10724 16539 15569 23930 26348 20862 22379 12486 2948 26245 16470 3949 27397 14027 14542 16093 20272 17068 11443 25535 18914 0 21307 27827 15238 5116 27149 4782 18281 14438 24880 3637 28605 6571 14173 10900 28176 22617 9886 17245 27297 29861 2427 912 12501 29045 19372 12394 15789 23170 12456 28013 8653 21972 21393 11509 27547 984 28804 12766 23628 27316 1435 3870 13246 29788 30018 22619 24186 228 9410 15639 23999 23777 20036 12128 20030 16203 24199 26048 7978 29793 24819 10410 21468 15264 8377 17381 15319 8449 9687 8165 26108 4168 23021 8397
4643 1916 12759 4042 17263 4387 3140 8413 19670 25137 18945 16974 23947 804 12911 19436 10185 27922 7171 8751 19050 25325 3125 9721 27830 21307 0 14197 25324 18343 28714 30033 2612 14372 23057 21478 8424 20214 3274 6266 29481 23208 9656 23791 17128 16354 20170 1117 25145 1003 28828 25402 12625 29739 25298 8959 29786 25396 14971 28083 7925 423 1056 11471 5000 14545 5010 12164 7240 11086 28177 5077 22086 26198 18531 21871 9523 25137 15238 7792 26304 6100 11774 17725 30086 23959 20996 21517 16683 27487 26936 14301 24807 11420 3770 27509 15200 7998 16644 11740
5933 14737 12645 14912 541 11045 12814 16824 28437 5196 9374 25778 19544 15140 19293 792 11416 27856 13326 7157 3405 24168 16447 28833 1682 27827 14197 0 23147 25400 17153 25977 29661 10249 8287 1017 16598 27441 6545 2902 20438 19900 29601 17953 26759 22617 4334 14342 20286 7726 23268 4822 21828 11856 1269 20289 224 8761 6752 982 7209 25716 1941 12428 17328 15943 10432 6119 4414 120 9257 11269 9308 11904 2493 561 28265 22198 24411 28754 4441 20616 27282 22622 447 18778 5099 21716 5969 16874 928 9227 16946 17867 24357 14947 9400 26148 4450 3951
18047 15345 29272 13715 29708 19881 6850 18193 13629 2444 6987 8804 21463 25406 12569 16857 19897 28210 17781 12819 1664 18539 12386 13091 25902 15238 25324 23147 0 28705 29440 3237 28276 13387 22858 861 4790 9040 10163 6548 13142 6028 26771 10192 12319 12615 24556 11169 21526 18975 21561 23581 12000 12754 24124 10527 6055 20372 2052 26294 1456 23163 2264 14269 1497 3674 22661 21180 26022 19821 13015 24765 27839 12071 3980 1718 7011 4087 13284 17717 13962 7059 14206 5332 632 12711 12267 17500 29312 19845 1414 15762 27227 20793 27742 11798 6353 16258 15454 19964
218 8869 27820 23046 26071 5693 3424 24632 465 15102 27647 12460 12901 23847 6561 23286 21623 26720 5994 1672 21117 6157 25351 26043 7360 5116 18343 25400 28705 0 12431 8254 15330 21542 19761 13684 23434 29328 6106 7201 11132 12178 6702 1811 9957 16482 18968 28631 4269 21004 304 22345 4207 5855 8325 19206 7361 16914 28265 29842 12866 989 27881 16433 17831 5522 8393 9515 27086 23708 480 16739 24109 20858 8286 237 9290 26295 14471 8318 15332 6911 450 18724 21998 15889 6267 19522 28343 21983 9677 23927 6512 14734 29146 5831 5103 10385 3310 23720
22774 9121 7855 9437 7165 21262 9210 24456 23628 7244 6852 26634 3384 21478 5007 7351 14238 22943 14306 9613 22082 8840 28637 26748 14430 27149 28714 17153 29440 12431 0 26498 14671 17940 24799 18507 685 9765 4950 17853 5785 15893 19868 13769 23389 7154 6697 27104 24784 6332 20105 19722 22653 16006 11638 8748 8229 4276 13629 21136 10849 8098 20945 14215 1947 12329 24055 24094 16821 22551 9557 2866 24179 8595 732 25764 21371 25059 17943 24609 13853 2026 4721 4548 9611 5629 15312 4483 3860 13873 3916 27255 24432 3512 23276 17739 28827 929 28000 9508
8234 23373 18598 11645 11764 20533 18254 11200 7172 12766 16090 10622 10988 25990 23538 5898 18700 12448 18909 12095 3619 239 6134 7707 28724 4782 30033 25977 3237 8254 26498 0 27002 9639 23110 23087 7644 28565 29621 13029 28018 8456 13835 8770 15177 24016 705 16723 23548 17474 24804 9615 18995 12224 20883 13411 21452 28708 5501 6007 11732 9454 21834 5060 6907 15832 15161 27273 11397 11880 27077 19630 14475 29383 12143 10860 20950 11707 23472 27617 9091 29589 21000 11393 14641 3352 18908 23954 21872 13175 9653 24829 1474 4407 26978 2158 14404 10859 29051 26166
21798 20404 13078 22100 29855 9193 16258 7421 16531 10887 4416 11560 18313 14848 18133 9511 14419 21670 5809 28652 12859 22372 14355 23095 21633 18281 2612 29661 28276 15330 14671 27002 0 29943 9919 6759 21382 10477 1854 15437 18594 14334 13969 14803 21199 23555 3942 5552 27758 10811 19789 2261 5704 18209 14314 20194 28220 7261 798 12660 7926 22221 29832 26794 3602 15761 18434 21708 19134 28258 12976 26332 12078 26213 3278 26091 26580 13192 23827 29301 23041 13722 12474 11638 4259 833 8100 11559 23224 24144 17714 17073 19274 1620 7381 22499 29114 15467 8067 7540
5137 28410 16909 28454 10118 552 18706 29807 6879 19546 5537 16060 26948 22839 16277 22076 10677 23025 11835 23831 27350 27490 3524 11131 9756 14438 14372 10249 13387 21542 17940 9639 29943 0 8273 6590 24566 3534 5380 20296 21096 6614 16905 26521 3737 10010 5486 13028 24443 23399 18113 23129 26267 21111 10535 6461 26133 6947 9459 14613 7669 2971 9187 26527 30029 21205 14678 1164 19801 11179 12558 7993 5060 22674 17167 17767 17019 6722 26479 22190 17040 18581 4637 16293 26151 24467 20128 11937 24972 29673 28461 3297 26111 4281 896 23069 13755 18297 22343 17156
12922 4923 4679 13772 29931 7252 23684 4471 8788 20249 8463 23211 11245 20656 4975 26546 2256 808 13568 5841 20096 13092 4625 22807 25319 24880 23057 8287 22858 19761 24799 23110 9919 8273 0 13743 3188 17148 7450 22386 23932 12968 26290 6157 29143 552 13152 765 10262 19155 5888 1909 18415 5737 14395 18818 4993 7072 29732 12779 28706 14603 1308 5614 5544 3373 3279 19835 3987 3858 6291 27999 17267 9423 17500 28401 3408 26368 14573 24921 20953 14971 7080 26297 14964 1548 28428 24332 5876 4308 24889 1019 18821 28052 1856 5390 30080 5032 4076 10830
18292 18744 7351 7058 13838 3284 8721 24682 21530 14269 447 22424 3001 25926 7662 1393 28643 26034 29458 10490 20147 4485 18757 28907 12195 3637 21478 1017 861 13684 18507 23087 6759 6590 13743 0 27770 5637 5454 14665 20089 22497 12776 4289 16946 27687 16213 18708 27434 21534 18483 23206 20946 11239 7465 14016 25183 13028 16546 26309 4613 22429 4179 6823 12267 26343 24534 24676 28942 17564 13596 17322 26069 20419 25784 15857 14654 8882 24029 14016 4450 26620 3996 8795 2157 21746 15132 17322 3395 29063 10375 25404 28231 6761 11635 3644 29627 24041 526 17560
7327 11699 20387 10536 18900 12011 23157 13713 18589 15035 17192 17900 1369 7110 27106 10099 14624 7331 2550 27331 20288 28476 21234 10896 5595 28605 8424 16598 4790 23434 685 7644 21382 24566 3188 27770 0 20573 2817 5321 16227 8470 17016 23417 13120 24120 5467 24002 25818 10447 28042 20917 11191 26928 7105 15186 5610 20290 20722 1711 17174 29999 18682 10903 23070 18700 9556 7836 19429 9177 22074 18630 15805 9220 25998 4166 5476 27256 3203 14336 17854 18962 3153 25270 21112 29269 17543 29656 20916 5909 26606 13840 25656 27563 19408 15783 1703 24389 26914 2952
19201 3370 3718 26042 28943 24770 2333 3626 2170 28104 27463 7853 27901 2286 20944 19752 1847 5385 26763 27680 28442 12026 433 23420 30080 6571 20214 27441 9040 29328 9765 28565 10477 3534 17148 5637 20573 0 10571 17111 18836 4507 4186 6378 13702 4841 2245 10338 28702 16347 1107 21262 23485 9453 18861 9210 24716 28419 19331 2409 1687 28605 11012 29486 22456 21355 18770 767 16477 17620 16226 26369 266 14062 6331 25691 14104 8291 11886 10708 8619 16289 24351 1071 14705 5305 13935 17056 1234 21924 4953 13101 20674 25188 21186 18468 27395 18936 10826 7098
7665 25466 26735 3745 752 10751 25276 2507 4958 2190 22379 20755 11890 22686 28182 26687 5012 21510 26200 19535 20121 27665 18947 13414 16502 14173 3274 6545 10163 6106 4950 29621 1854 5380 7450 5454 2817 10571 0 9698 11559 6550 6693 9329 20734 29408 26641 25569 21164 6820 12990 10535 18788 1181 1516 17435 3365 19772 26492 11769 14367 3119 10911 10398 2755 15121 4940 14285 13021 15998 16864 170 8887 1587 8790 15623 12480 14242 20608 8052 18253 19945 5079 26779 29432 24939 9261 1352 16735 13453 21998 12932 17100 16611 5692 9164 22296 23946 20868 19594
8372 10559 1404 21056 22804 28089 24752 22333 20675 2602 2936 26256 26237 2709 22823 20165 29105 28333 7999 6464 16841 20275 7323 12861 3334 10900 6266 2902 6548 7201 17853 13029 15437 20296 22386 14665 5321 17111 9698 0 1624 13444 29397 28407 11111 12597 15412 19788 24304 5887 11936 9263 23511 13082 7272 28974 16676 17892 3340 11401 10576 20193 9416 21210 23865 9314 13259 25055 22778 29682 6801 20395 17836 4405 1256 18842 1460 28842 19073 27058 5626 22469 1485 26726 10272 16309 5101 17176 26455 20805 23610 5217 24489 5027 1055 12959 17360 3625 20731 15260
7780 4368 9280 691 26792 16228 6249 3815 22663 5977 22380 6453 9628 16073 26137 2143 6993 6514 8268 13548 20899 26254 28972 9443 17716 28176 29481 20438 13142 11132 5785 28018 18594 21096 23932 20089 16227 18836 11559 1624 0 19858 14388 6221 21246 6199 8344 24706 11758 18289 12839 2431 16993 17190 23179 19758 6770 13926 10313 27848 12187 21781 12435 527 24292 16270 23031 20587 13806 23832 11761 27703 20888 22545 28619 8846 27160 25302 18552 24933 11523 6333 27330 24240 7073 21805 27176 27649 16957 5398 9003 3729 454 21357 2834 16364 15322 15916 18529 23985
630 28864 6763 13128 29869 20045 27269 10031 13266 24066 233 3036 9484 16586 4339 17269 2607 22804 15090 29656 4877 21889 1487 9168 13436 22617 23208 19900 6028 12178 15893 8456 14334 6614 12968 22497 8470 4507 6550 13444 19858 0 13945 25495 29308 11601 14995 23994 12570 13334 20466 23892 9238 9743 5303 3972 13131 18819 23241 18471 14497 6048 2529 12863 7055 8418 13618 27147 21712 7404 20106 23081 26929 11511 25626 2378 11988 9272 25764 11403 14020 29151 14597 5587 6205 28795 16694 321 12960 18848 6420 21543 3359 905 1602 24306 17684 29099 23268 28565
28027 11476 2275 28429 27301 6645 24262 22338 21719 12057 25100 6132 11817 9736 28231 19228 13060 3050 19177 7914 19373 20898 21429 20194 26857 9886 9656 29601 26771 6702 19868 13835 13969 16905 26290 12776 17016 4186 6693 29397 14388 13945 0 16293 18747 7872 4864 26322 13587 3520 9341 24097 28861 28638 23413 14407 1850 13902 13431 7702 26166 16525 24210 15292 22248 9871 10869 26644 8543 8578 19422 12307 26561 21234 15195 12181 22308 18972 21061 6374 2494 22847 9777 3975 12903 26033 8736 27015 5360 18555 19621 22705 27992 17411 14361 28043 8707 25703 10230 22681
18723 10512 11900 20968 4304 26822 19930 9731 15659 27738 13531 21888 6122 12637 25506 17903 26273 681 7132 20476 10235 8162 19538 21714 20043 17245 23791 17953 10192 1811 13769 8770 14803 26521 6157 4289 23417 6378 9329 28407 6221 25495 16293 0 10361 8348 4625 16392 27829 24947 245 14102 8377 4243 14424 28702 15766 19413 11751 4095 7468 28613 159 9403 1552 20687 25631 9856 28477 24252 1408 8901 16848 13989 15331 29679 28864 1287 19063 8236 19996 22528 26878 13466 18588 29504 21754 17423 29157 23942 10380 6787 24628 23876 5500 28380 23791 10194 11409 6952
7623 27717 24475 4261 13817 13319 9991 16593 6362 20097 3966 20772 16962 29638 16555 20641 27235 26532 10821 24666 13289 23702 5502 26370 575 27297 17128 26759 12319 9957 23389 15177 21199 3737 29143 16946 13120 13702 20734 11111 21246 29308 18747 10361 0 5546 20880 20627 8899 29116 6478 8807 10538 410 20062 6068 852 14030 1423 7336 5216 13010 16585 9463 10915 27351 6660 21127 13784 737 7839 19836 11096 432 21776 5729 16747 3572 20700 9621 14616 17674 19111 2471 4531 9691 16568 25403 6518 9393 1820 8000 19776 3134 5374 12628 8211 19695 21280 13876
305 17450 11142 28995 9087 10799 24469 3139 17843 14264 20322 24511 17829 24107 3337 1644 7765 3160 19354 26878 24495 18870 23032 6750 19969 29861 16354 22617 12615 16482 7154 24016 23555 10010 552 27687 24120 4841 29408 12597 6199 11601 7872 8348 5546 0 13398 15084 7430 23801 23852 28497 3567 18726 1201 13074 9962 17295 19216 17549 23587 9076 15098 25948 6764 14862 29596 8006 24249 20037 3900 14561 18900 8383 10733 20539 1585 5628 16390 1469 16543 15608 21776 17157 4368 6751 1057 9636 3611 28761 18814 25306 18287 20302 17242 4565 9108 4918 20432 7713
22574 19234 1453 11311 4600 19677 10777 14414 13458 304 13325 26927 17561 28572 19719 18928 7575 17837 18042 5393 16435 15331 24318 5018 29387 2427 20170 4334 24556 18968 6697 705 3942 5486 13152 16213 5467 2245 26641 15412 8344 14995 4864 4625 20880 13398 0 3953 4435 17249 4564 16510 5376 9572 28030 1835 27298 3871 3042 10690 1190 16445 28008 10946 17610 11128 13312 16930 13671 5059 20325 8720 4942 314 17555 16489 23630 455 3108 28620 29952 17024 4997 22207 27972 27624 5206 12732 5650 3506 7139 4514 12061 19009 8996 7224 5380 29990 23848 17727
25913 12296 19350 13267 6723 16634 17086 14673 8693 13435 12743 25240 1340 12842 20615 28863 4310 26784 15919 17272 28483 2984 22561 3239 17554 912 1117 14342 11169 28631 27104 16723 5552 13028 765 18708 24002 10338 25569 19788 24706 23994 26322 16392 20627 15084 3953 0 21059 14907 27864 22299 28483 20663 7383 3252 26173 10542 21761 24022 5186 21561 6985 8855 26366 23036 11370 20034 1273 8445 7407 9048 17624 10432 18409 11345 19745 2751 1784 25338 25214 16344 12810 461 24266 8257 29365 20481 1440 5466 30090 27449 24607 20699 5166 10809 2093 12895 19356 4900
10550 11156 14999 20385 3438 19551 24919 27064 23605 8918 17162 2057 6822 11348 2129 15427 11241 23437 12688 25855 2479 19013 5999 20573 29166 12501 25145 20286 21526 4269 24784 23548 27758 24443 10262 27434 25818 28702 21164 24304 11758 12570 13587 27829 8899 7430 4435 21059 0 9250 16920 10682 19301 14049 8465 10424 15831 23574 5564 5673 12422 15049 23330 15741 12007 13815 16978 15406 15773 29416 25478 3152 2918 2558 21624 20922 12613 18194 22988 14050 27662 4370 13491 285 24919 26276 14066 8412 28984 28874 18483 17465 4831 17978 25427 4229 24574 23782 15253 29696
26511 9439 10104 28713 22615 2853 28322 18011 12618 6512 2734 19027 9555 24539 28392 8843 19900 4799 25085 28423 17875 12694 9659 3164 11983 29045 1003 7726 18975 21004 6332 17474 10811 23399 19155 21534 10447 16347 6820 5887 18289 13334 3520 24947 29116 23801 17249 14907 9250 0 8354 8625 10463 2737 21448 3503 19704 25324 24877 6997 29871 16140 14792 8971 20879 28158 9024 10565 6585 12085 19326 6140 18239 22566 20032 8727 18474 9555 2831 24098 14233 16378 15924 21465 24032 14202 11206 9779 18310 950 3453 25268 19051 17535 27966 8082 10689 717 8540 8077
19412 16747 12466 11069 2134 26338 7996 20466 3954 1683 10483 17814 22149 13108 9519 18859 28863 27477 19992 22745 20968 8879 21397 27810 445 19372 28828 23268 21561 304 20105 24804 19789 18113 5888 18483 28042 1107 12990 11936 12839 20466 9341 245 6478 23852 4564 27864 16920 8354 0 9632 20898 26148 8538 8706 4012 10990 8808 26113 10462 21226 29741 23663 14443 5707 3203 19521 19399 6531 26694 29732 19066 27462 3318 28476 11134 9274 19194 4013 4958 21573 6944 17712 3278 7268 299 25314 27745 11253 1635 26155 26790 27268 24744 10249 15083 2599 24322 26594
18702 4950 11670 17458 5647 18882 22302 17149 16166 9867 27016 11824 20975 10288 26935 9302 20272 22306 18545 26442 16809 20663 22247 2630 20344 12394 25402 4822 23581 22345 19722 9615 2261 23129 1909 23206 20917 21262 10535 9263 2431 23892 24097 14102 8807 28497 16510 22299 10682 8625 9632 0 30062 13041 18181 2020 2614 11743 26003 29055 4384 3548 15782 23305 7649 22145 25471 17701 15122 26160 11034 20387 9822 27106 20104 19079 6051 8782 420 13597 26489 22263 345 5130 19839 24099 25884 19386 12322 16738 9384 8875 8327 12384 10271 28165 17927 24358 4274 21693
22522 4358 17098 7464 16705 16851 23230 16982 21447 19211 6031 14286 2889 7739 19310 6668 12216 998 23201 10251 26317 6085 3001 14726 5601 15789 12625 21828 12000 4207 22653 18995 5704 26267 18415 20946 11191 23485 18788 23511 16993 9238 28861 8377 10538 3567 5376 28483 19301 10463 20898 30062 0 22180 16720 16344 8583 21606 29775 20717 9958 3319 6908 8988 16537 24279 25259 14600 3485 16525 24824 24348 22854 19669 23631 25799 14699 8821 26471 13503 11749 2543 4755 19717 27823 9144 2121 23442 19486 18659 13559 21883 25384 7299 19275 28998 8396 29364 24701 25970
2393 26186 20183 4186 12893 11290 27700 19900 483 9008 18540 10963 15221 2219 9584 26189 12941 6071 22954 14301 3413 9344 23531 26320 3960 23170 29739 11856 12754 5855 16006 12224 18209 21111 5737 11239 26928 9453 1181 13082 17190 9743 28638 4243 410 18726 9572 20663 14049 2737 26148 13041 22180 0 20863 6307 21558 18804 10217 26181 16855 13682 10357 15796 2234 22367 9056 20911 21071 17181 24259 7903 16543 235 9903 14928 26560 28565 27444 20865 22442 27015 10104 21992 27581 3695 15061 29130 3071 4091 27020 29023 6676 9360 10709 25032 27101 21081 23957 23168
20942 29219 9658 13125 18402 16786 5987 16351 7149 7112 9405 5491 25575 29661 12454 23644 21245 11046 11429 20338 8778 19641 4763 6882 16367 12456 25298 1269 24124 8325 11638 20883 14314 10535 14395 7465 7105 18861 1516 7272 23179 5303 23413 14424 20062 1201 28030 7383 8465 21448 8538 18181 16720 20863 0 7409 23294 14878 3691 20959 12868 17966 13577 26053 28188 29887 28279 12914 12768 18171 427 16142 8050 6545 17597 10419 14070 29579 19105 9734 27426 29257 12597 18913 23733 19292 19570 5617 2238 585 25026 9588 19240 5935 11263 23467 25205 566 27281 6912
21174 9800 19272 9836 23785 26423 22472 5414 27494 18337 17457 27015 10041 28344 15031 20919 7170 14220 21232 538 5930 1406 967 13322 6867 28013 8959 20289 10527 19206 8748 13411 20194 6461 18818 14016 15186 9210 17435 28974 19758 3972 14407 28702 6068 13074 1835 3252 10424 3503 8706 2020 16344 6307 7409 0 26446 610 28915 29668 11824 27825 27159 9531 7619 13897 26998 25822 24546 23947 24204 12782 22030 19057 6150 6655 9799 7311 27975 17472 3756 21297 16575 17292 7180 12127 17705 18111 21989 8363 6635 22238 3070 22190 29165 3564 1773 6059 8504 25006
5339 12622 20988 12336 20775 8856 25476 16239 7313 17014 6187 15923 9609 5932 28304 3618 1013 19250 6608 3524 13465 11710 26642 17461 24532 8653 29786 224 6055 7361 8229 21452 28220 26133 4993 25183 5610 24716 3365 16676 6770 13131 1850 15766 852 9962 27298 26173 15831 19704 4012 2614 8583 21558 23294 26446 0 20214 9806 25571 2441 14580 15026 6590 14109 19323 6411 18463 19729 7467 3087 15394 10218 6921 14909 17982 12414 25397 16569 5996 2623 10828 5901 19055 20298 8400 478 1451 29402 24339 8264 10381 6547 24182 29700 1158 16407 26652 15775 28454
6770 10173 18780 20700 6945 13153 20462 25701 8224 29112 11349 2024 10781 6158 22297 29511 16425 22512 8336 17845 23677 21881 25399 26313 15463 21972 25396 8761 20372 16914 4276 28708 7261 6947 7072 13028 20290 28419 19772 17892 13926 18819 13902 19413 14030 17295 3871 10542 23574 25324 10990 11743 21606 18804 14878 610 20214 0 21449 25246 28523 27349 12751 21516 5526 28818 22102 17685 20464 14440 23691 15421 22225 953 26050 14937 2385 28102 25070 2597 13964 26505 25807 23692 7623 16804 12495 1847 11069 5837 3427 9384 3026 20686 19444 8339 28450 26546 9205 5113
24126 26641 5125 26583 19777 16123 22794 2868 21548 12149 18995 2048 22410 18012 26136 25149 6399 8324 19005 25063 17261 16673 2999 25412 3648 21393 14971 6752 2052 28265 13629 5501 798 9459 29732 16546 20722 19331 26492 3340 10313 23241 13431 11751 1423 19216 3042 21761 5564 24877 8808 26003 29775 10217 3691 28915 9806 21449 0 5364 19383 9074 27232 4168 9594 9513 13008 21797 756 13890 20754 926 20108 3315 24956 22145 2155 1737 1962 18573 22918 25945 30047 14827 6136 2510 23089 11004 5629 8161 27673 18020 24041 3485 17537 19191 25341 2694 12921 9673
12955 1660 16438 16948 7063 1089 27631 2656 29140 18817 4841 27535 303 21752 3802 22697 24645 16956 4868 905 25954 2253 10478 29383 24347 11509 28083 982 26294 29842 21136 6007 12660 14613 12779 26309 1711 2409 11769 11401 27848 18471 7702 4095 7336 17549 10690 24022 5673 6997 26113 29055 20717 26181 20959 29668 25571 25246 5364 0 18951 11416 24481 1300 10795 15790 22740 11877 1090 29534 4060 20856 4996 28507 9677 26215 24927 25790 1485 17601 23795 17367 27613 10939 19734 26491 12433 27618 4734 10847 22344 7141 18877 1503 26951 24300 3930 13844 17466 13185
8955 7770 17477 8826 21681 23241 9580 26429 3392 4382 1914 4471 3511 22229 26970 24406 24610 16263 19965 12562 7108 23964 28733 29538 25393 27547 7925 7209 1456 12866 10849 11732 7926 7669 28706 4613 17174 1687 14367 10576 12187 14497 26166 7468 5216 23587 1190 5186 12422 29871 10462 4384 9958 16855 12868 11824 2441 28523 19383 18951 0 9840 3456 25682 6377 21006 29322 25283 5876 6268 13655 13132 29744 13386 17904 22967 2395 16817 21948 24720 29781 25279 11447 26900 21470 25426 17500 17621 24854 26528 16323 17900 994 24229 24132 27052 18250 23723 2770 24664
14423 9570 14834 23689 1360 18737 27464 19045 12187 21668 17998 21291 25573 27388 1759 5170 27299 24170 18476 12987 29150 19015 1478 8486 2351 984 423 25716 23163 989 8098 9454 22221 2971 14603 22429 29999 28605 3119 20193 21781 6048 16525 28613 13010 9076 16445 21561 15049 16140 21226 3548 3319 13682 17966 27825 14580 27349 9074 11416 9840 0 14772 29038 5315 9832 4211 834 13620 23876 8338 23788 22662 16885 19849 5960 15542 28775 27250 2026 25246 17200 28488 29232 5595 25940 14396 10418 6945 15585 27821 6936 27313 3802 12008 28850 20209 17905 3442 28387
29123 17975 2298 11768 26503 20093 21354 9992 7356 26302 8389 29958 17856 9047 4521 1809 3469 8539 5739 29809 18186 1074 124 19040 20418 28804 1056 1941 2264 27881 20945 21834 29832 9187 1308 4179 18682 11012 10911 9416 12435 2529 24210 159 16585 15098 28008 6985 23330 14792 29741 15782 6908 10357 13577 27159 15026 12751 27232 24481 3456 14772 0 13710 18926 6681 20179 10392 7072 8983 26739 21607 10665 3627 20702 22760 21461 21304 26817 13509 28033 22332 9590 6797 7089 22175 15923 15600 16115 16331 24485 22809 2760 10502 14518 23824 24227 11103 22311 6087
24512 23536 11411 13610 25279 21682 11675 2929 12821 20078 16280 24570 24428 12185 21133 25555 27265 634 9074 14713 14423 2509 3483 3508 22448 12766 11471 12428 14269 16433 14215 5060 26794 26527 5614 6823 10903 29486 10398 21210 527 12863 15292 9403 9463 25948 10946 8855 15741 8971 23663 23305 8988 15796 26053 9531 6590 21516 4168 1300 25682 29038 13710 0 26949 4989 13506 433 29550 20704 2711 14079 6410 16371 6820 25016 29819 9943 18812 25362 1515 2765 19105 5785 27338 19617 10572 9820 21628 8446 18536 9510 23870 23614 20441 15676 20643 17956 16112 14213
8122 1558 12870 26380 21559 13142 24717 27547 10269 247 16427 10897 5226 17311 8345 3800 965 1499 10473 25087 9410 11820 15204 18612 10961 23628 5000 17328 1497 17831 1947 6907 3602 30029 5544 12267 23070 22456 2755 23865 24292 7055 22248 1552 10915 6764 17610 26366 12007 20879 14443 7649 16537 2234 28188 7619 14109 5526 9594 10795 6377 5315 18926 26949 0 16067 5651 4885 15743 27162 126 18287 12611 7794 19228 8748 29608 16463 10148 2547 29420 13320 14785 16042 3571 22142 2772 20601 7452 17144 29360 27525 8808 1060 670 14810 10030 24789 3855 19153
28407 11178 7458 28918 11960 6578 4026 14195 14342 670 11468 16594 3806 12051 15751 16616 18016 28390 23377 2687 14408 29512 18025 28887 22416 27316 14545 15943 3674 5522 12329 15832 15761 21205 3373 26343 18700 21355 15121 9314 16270 8418 9871 20687 27351 14862 11128 23036 13815 28158 5707 22145 24279 22367 29887 13897 19323 28818 9513 15790 21006 9832 6681 4989 16067 0 9657 7844 6833 13405 15605 12107 17964 18652 25590 11960 139 11326 10014 16670 18126 7913 5150 29937 10286 13117 26793 26102 14692 1712 29931 25117 20902 9879 12421 14740 4707 1151 15888 4820
23426 22245 4105 10584 14510 28606 12849 13419 24787 11282 14988 26939 12590 29107 17024 15314 8591 11179 25487 24900 12826 11614 3930 1146 15591 1435 5010 10432 22661 8393 24055 15161 18434 14678 3279 24534 9556 18770 4940 13259 23031 13618 10869 25631 6660 29596 13312 11370 16978 9024 3203 25471 25259 9056 28279 26998 6411 22102 13008 22740 29322 4211 20179 13506 5651 9657 0 23551 17708 9694 20030 27982 24131 8858 26336 17610 19843 26150 9684 20824 12108 781 8354 23704 27160 24913 20507 22500 13549 15493 22385 26526 27725 7873 28353 16425 2929 9115 16757 11255
20141 4552 3058 15807 29126 23814 4996 19884 16724 29215 28223 15147 361 8852 19932 15320 10121 22847 4362 8192 9239 24731 26066 976 11308 3870 12164 6119 21180 9515 24094 27273 21708 1164 19835 24676 7836 767 14285 25055 20587 27147 26644 9856 21127 8006 16930 20034 15406 10565 19521 17701 14600 20911 12914 25822 18463 17685 21797 11877 25283 834 10392 433 4885 7844 23551 0 15206 24782 22375 14987 2461 11240 11426 25829 1114 1073 30006 21631 5294 2532 29923 26393 20972 14588 8080 23896 29807 27516 28612 7488 21522 1878 12238 29646 16835 14376 11474 8322
22578 16293 21189 10974 27598 26714 24837 9884 10145 18898 8731 23951 3972 26720 982 9075 18214 12845 8811 9688 20896 24666 6730 12750 3831 13246 7240 4414 26022 27086 16821 11397 19134 19801 3987 28942 19429 16477 13021 22778 13806 21712 8543 28477 13784 24249 13671 1273 15773 6585 19399 15122 3485 21071 12768 24546 19729 20464 756 1090 5876 13620 7072 29550 15743 6833 17708 15206 0 18501 10756 24848 25292 29006 27055 2714 7832 21760 7461 15359 789 21119 21280 753 10733 4249 14332 7461 5487 13301 17914 6065 18516 14605 2785 2175 19109 11832 9715 23818
11821 6558 16343 26388 15187 23818 17670 21543 18163 19046 28021 16135 28880 7592 17180 7977 2543 9174 21824 25555 8702 15843 20157 16079 13066 29788 11086 120 19821 23708 22551 11880 28258 11179 3858 17564 9177 17620 15998 29682 23832 7404 8578 24252 737 20037 5059 8445 29416 12085 6531 26160 16525 17181 18171 23947 7467 14440 13890 29534 6268 23876 8983 20704 27162 13405 9694 24782 18501 0 27918 23018 14978 14820 7307 20071 18185 8970 18969 10792 10379 23501 26347 29212 18118 24258 3196 27193 15550 20858 1261 3004 16429 25463 20795 25792 448 26549 23773 2482
6072 27515 15578 4524 2445 18480 17261 24754 11834 19712 22155 1230 22954 18410 27013 12757 2815 18795 1761 1450 12436 12456 2178 25786 18238 30018 28177 9257 13015 480 9557 27077 12976 12558 6291 13596 22074 16226 16864 6801 11761 20106 19422 1408 7839 3900 20325 7407 25478 19326 26694 11034 24824 24259 427 24204 3087 23691 20754 4060 13655 8338 26739 2711 126 15605 20030 22375 10756 27918 0 18102 3599 8327 4170 29870 2805 18694 7838 5084 24572 4509 17517 9345 18026 14800 7849 2138 19468 21540 14182 24732 9647 1878 3894 25000 24647 26488 6830 21277
