15
0 14724 2246 25087 4053 26161 15945 15941 18907 10881 17899 29689 3589 569 11861
14724 0 218 23057 26680 12739 25390 27190 24635 25428 2647 28710 26546 25859 6396
2246 218 0 18094 2297 6795 21504 27480 9369 4743 27906 13414 14541 17264 15666
25087 23057 18094 0 10358 12120 17509 28305 15401 28537 27890 16963 18495 4674 968
4053 26680 2297 10358 0 19875 14284 29473 17524 3512 19102 26785 15076 18859 18393
26161 12739 6795 12120 19875 0 17248 16943 3529 8870 13034 274 17273 6007 21822
15945 25390 21504 17509 14284 17248 0 22411 23821 12457 9890 20815 27531 21849 15544
15941 27190 27480 28305 29473 16943 22411 0 25796 29817 1041 21712 23593 18939 11241
18907 24635 9369 15401 17524 3529 23821 25796 0 9892 22009 6336 6232 16320 22022
10881 25428 4743 28537 3512 8870 12457 29817 9892 0 1720 8483 12927 14525 17351
17899 2647 27906 27890 19102 13034 9890 1041 22009 1720 0 8602 24948 13899 21994
29689 28710 13414 16963 26785 274 20815 21712 6336 8483 8602 0 14724 742 20431
3589 26546 14541 18495 15076 17273 27531 23593 6232 12927 24948 14724 0 23053 23844
569 25859 17264 4674 18859 6007 21849 18939 16320 14525 13899 742 23053 0 2614
11861 6396 15666 968 18393 21822 15544 11241 22022 17351 21994 20431 23844 2614 0
