40
0 2246 218 23057 26680 12739 25390 27190 24635 25428 2647 28710 26546 25859 6396 14690 15004 19295 24623 98 23281 9043 2342 16729 6624 25695 1916 14737 15345 8869 9121 23373 20404 28410 4923 18744 11699 3370 25466 10559
2246 0 25087 18094 2297 6795 21504 27480 9369 4743 27906 13414 14541 17264 15666 24482 11689 2123 920 98 13985 29984 7702 615 20849 4253 12759 12645 29272 27820 7855 18598 13078 16909 4679 7351 20387 3718 26735 1404
218 25087 0 4053 10358 12120 17509 28305 15401 28537 27890 16963 18495 4674 968 12282 11864 26972 16487 98 1135 5350 25245 1651 17837 11598 4042 14912 13715 23046 9437 11645 22100 28454 13772 7058 10536 26042 3745 21056
23057 18094 4053 0 26161 19875 14284 29473 17524 3512 19102 26785 15076 18859 18393 14829 2579 11596 17356 98 2728 24516 27518 4279 9348 10724 17263 541 29708 26071 7165 11764 29855 10118 29931 13838 18900 28943 752 22804
26680 2297 10358 26161 0 15945 17248 16943 3529 8870 13034 274 17273 6007 21822 12636 24192 12065 5649 98 22715 14325 12326 26895 1680 16539 4387 11045 19881 5693 21262 20533 9193 552 7252 3284 12011 24770 10751 28089
12739 6795 12120 19875 15945 0 15941 22411 23821 12457 9890 20815 27531 21849 15544 10427 428 7825 27371 98 27679 27087 7462 24475 10399 15569 3140 12814 6850 3424 9210 18254 16258 18706 23684 8721 23157 2333 25276 24752
25390 21504 17509 14284 17248 15941 0 18907 25796 29817 1041 21712 23593 18939 11241 29429 8812 24990 12815 98 19817 21611 1928 14192 6375 23930 8413 16824 18193 24632 24456 11200 7421 29807 4471 24682 13713 3626 2507 22333
27190 27480 28305 29473 16943 22411 18907 0 10881 9892 22009 6336 6232 16320 22022 12364 17314 29564 23956 98 9386 22431 8658 23478 7899 26348 19670 28437 13629 465 23628 7172 16531 6879 8788 21530 18589 2170 4958 20675
24635 9369 15401 17524 3529 23821 25796 10881 0 17899 1720 8483 12927 14525 17351 22155 20803 18324 15879 98 22449 8819 7444 15828 6696 20862 25137 5196 2444 15102 7244 12766 10887 19546 20249 14269 15035 28104 2190 2602
25428 4743 28537 3512 8870 12457 29817 9892 17899 0 29689 8602 24948 13899 21994 23096 17250 24231 3130 98 11645 26075 29226 27373 18208 22379 18945 9374 6987 27647 6852 16090 4416 5537 8463 447 17192 27463 22379 2936
2647 27906 27890 19102 13034 9890 1041 22009 1720 29689 0 3589 14724 742 20431 15006 1692 15981 25024 98 13668 1624 5915 10942 23577 12486 16974 25778 8804 12460 26634 10622 11560 16060 23211 22424 17900 7853 20755 26256
28710 13414 16963 26785 274 20815 21712 6336 8483 8602 3589 0 569 23053 23844 16626 20087 4820 15356 98 10541 28896 29130 21383 14725 2948 23947 19544 21463 12901 3384 10988 18313 26948 11245 3001 1369 27901 11890 26237
26546 14541 18495 15076 17273 27531 23593 6232 12927 24948 14724 569 0 11861 2614 16215 5063 21041 9100 98 22037 11612 8460 13320 8904 26245 804 15140 25406 23847 21478 25990 14848 22839 20656 25926 7110 2286 22686 2709
25859 17264 4674 18859 6007 21849 18939 16320 14525 13899 742 23053 11861 0 14972 14825 22237 5466 11615 98 4003 5468 2517 17223 28007 16470 12911 19293 12569 6561 5007 23538 18133 16277 4975 7662 27106 20944 28182 22823
6396 15666 968 18393 21822 15544 11241 22022 17351 21994 20431 23844 2614 14972 0 28140 19669 19265 26487 98 11729 21248 24614 28853 2367 3949 19436 792 16857 23286 7351 5898 9511 22076 26546 1393 10099 19752 26687 20165
14690 24482 12282 14829 12636 10427 29429 12364 22155 23096 15006 16626 16215 14825 28140 0 13162 19908 11078 98 6619 24278 1616 5372 15728 27397 10185 11416 19897 21623 14238 18700 14419 10677 2256 28643 14624 1847 5012 29105
15004 11689 11864 2579 24192 428 8812 17314 20803 17250 1692 20087 5063 22237 19669 13162 0 12862 5460 98 6084 19203 20207 11357 10604 14027 27922 27856 28210 26720 22943 12448 21670 23025 808 26034 7331 5385 21510 28333
19295 2123 26972 11596 12065 7825 24990 29564 18324 24231 15981 4820 21041 5466 19265 19908 12862 0 17642 98 24308 4460 20562 5566 1868 14542 7171 13326 17781 5994 14306 18909 5809 11835 13568 29458 2550 26763 26200 7999
24623 920 16487 17356 5649 27371 12815 23956 15879 3130 25024 15356 9100 11615 26487 11078 5460 17642 0 98 18440 13460 23397 23907 4110 16093 8751 7157 12819 1672 9613 12095 28652 23831 5841 10490 27331 27680 19535 6464
98 98 98 98 98 98 98 98 98 98 98 98 98 98 98 98 98 98 98 0 98 98 98 98 98 98 98 98 98 98 98 98 98 98 98 98 98 98 98 98
23281 13985 1135 2728 22715 27679 19817 9386 22449 11645 13668 10541 22037 4003 11729 6619 6084 24308 18440 98 0 21363 17579 7072 6859 17068 25325 24168 18539 6157 8840 239 22372 27490 13092 4485 28476 12026 27665 20275
9043 29984 5350 24516 14325 27087 21611 22431 8819 26075 1624 28896 11612 5468 21248 24278 19203 4460 13460 98 21363 0 23547 6956 4277 11443 3125 16447 12386 25351 28637 6134 14355 3524 4625 18757 21234 433 18947 7323
2342 7702 25245 27518 12326 7462 1928 8658 7444 29226 5915 29130 8460 2517 24614 1616 20207 20562 23397 98 17579 23547 0 12207 16504 25535 9721 28833 13091 26043 26748 7707 23095 11131 22807 28907 10896 23420 13414 12861
16729 615 1651 4279 26895 24475 14192 23478 15828 27373 10942 21383 13320 17223 28853 5372 11357 5566 23907 98 7072 6956 12207 0 23866 18914 27830 1682 25902 7360 14430 28724 21633 9756 25319 12195 5595 30080 16502 3334
6624 20849 17837 9348 1680 10399 6375 7899 6696 18208 23577 14725 8904 28007 2367 15728 10604 1868 4110 98 6859 4277 16504 23866 0 4643 21307 27827 15238 5116 27149 4782 18281 14438 24880 3637 28605 6571 14173 10900
25695 4253 11598 10724 16539 15569 23930 26348 20862 22379 12486 2948 26245 16470 3949 27397 14027 14542 16093 98 17068 11443 25535 18914 4643 0 5933 14197 25324 18343 28714 30033 2612 14372 23057 21478 8424 20214 3274 6266
1916 12759 4042 17263 4387 3140 8413 19670 25137 18945 16974 23947 804 12911 19436 10185 27922 7171 8751 98 25325 3125 9721 27830 21307 5933 0 18047 23147 25400 17153 25977 29661 10249 8287 1017 16598 27441 6545 2902
14737 12645 14912 541 11045 12814 16824 28437 5196 9374 25778 19544 15140 19293 792 11416 27856 13326 7157 98 24168 16447 28833 1682 27827 14197 18047 0 218 28705 29440 3237 28276 13387 22858 861 4790 9040 10163 6548
15345 29272 13715 29708 19881 6850 18193 13629 2444 6987 8804 21463 25406 12569 16857 19897 28210 17781 12819 98 18539 12386 13091 25902 15238 25324 23147 218 0 22774 12431 8254 15330 21542 19761 13684 23434 29328 6106 7201
8869 27820 23046 26071 5693 3424 24632 465 15102 27647 12460 12901 23847 6561 23286 21623 26720 5994 1672 98 6157 25351 26043 7360 5116 18343 25400 28705 22774 0 8234 26498 14671 17940 24799 18507 685 9765 4950 17853
9121 7855 9437 7165 21262 9210 24456 23628 7244 6852 26634 3384 21478 5007 7351 14238 22943 14306 9613 98 8840 28637 26748 14430 27149 28714 17153 29440 12431 8234 0 21798 27002 9639 23110 23087 7644 28565 29621 13029
23373 18598 11645 11764 20533 18254 11200 7172 12766 16090 10622 10988 25990 23538 5898 18700 12448 18909 12095 98 239 6134 7707 28724 4782 30033 25977 3237 8254 26498 21798 0 5137 29943 9919 6759 21382 10477 1854 15437
20404 13078 22100 29855 9193 16258 7421 16531 10887 4416 11560 18313 14848 18133 9511 14419 21670 5809 28652 98 22372 14355 23095 21633 18281 2612 29661 28276 15330 14671 27002 5137 0 12922 8273 6590 24566 3534 5380 20296
28410 16909 28454 10118 552 18706 29807 6879 19546 5537 16060 26948 22839 16277 22076 10677 23025 11835 23831 98 27490 3524 11131 9756 14438 14372 10249 13387 21542 17940 9639 29943 12922 0 18292 13743 3188 17148 7450 22386
4923 4679 13772 29931 7252 23684 4471 8788 20249 8463 23211 11245 20656 4975 26546 2256 808 13568 5841 98 13092 4625 22807 25319 24880 23057 8287 22858 19761 24799 23110 9919 8273 18292 0 7327 27770 5637 5454 14665
18744 7351 7058 13838 3284 8721 24682 21530 14269 447 22424 3001 25926 7662 1393 28643 26034 29458 10490 98 4485 18757 28907 12195 3637 21478 1017 861 13684 18507 23087 6759 6590 13743 7327 0 19201 20573 2817 5321
11699 20387 10536 18900 12011 23157 13713 18589 15035 17192 17900 1369 7110 27106 10099 14624 7331 2550 27331 98 28476 21234 10896 5595 28605 8424 16598 4790 23434 685 7644 21382 24566 3188 27770 19201 0 7665 10571 17111
3370 3718 26042 28943 24770 2333 3626 2170 28104 27463 7853 27901 2286 20944 19752 1847 5385 26763 27680 98 12026 433 23420 30080 6571 20214 27441 9040 29328 9765 28565 10477 3534 17148 5637 20573 7665 0 8372 9698
25466 26735 3745 752 10751 25276 2507 4958 2190 22379 20755 11890 22686 28182 26687 5012 21510 26200 19535 98 27665 18947 13414 16502 14173 3274 6545 10163 6106 4950 29621 1854 5380 7450 5454 2817 10571 8372 0 7780
10559 1404 21056 22804 28089 24752 22333 20675 2602 2936 26256 26237 2709 22823 20165 29105 28333 7999 6464 98 20275 7323 12861 3334 10900 6266 2902 6548 7201 17853 13029 15437 20296 22386 14665 5321 17111 9698 7780 0
